,subject,date,eid,probe,region,f1,f1_shuffle,accuracy,accuracy_shuffle,auroc,auroc_shuffle
0,CSHL045,2020-02-27,46794e05-3f6a-4d35-afb3-9165091a5a74,probe01,GRN,0.3504126700387759,0.42351612921042653,0.5063430962343096,0.5001715481171548,0.49427610377432213,0.4952966906306166
0,CSHL045,2020-02-27,46794e05-3f6a-4d35-afb3-9165091a5a74,probe01,IO,0.17289085175109728,0.4278266528528705,0.5209107391910739,0.4999497907949791,0.4694717003985309,0.4959888528561382
0,CSHL045,2020-02-27,46794e05-3f6a-4d35-afb3-9165091a5a74,probe01,MY,0.3392248478908248,0.43479691955673333,0.5064937238493724,0.4988535564853556,0.4881742439634289,0.4954169219348285
0,CSHL045,2020-02-27,46794e05-3f6a-4d35-afb3-9165091a5a74,probe01,NOD,0.44865237773731376,0.42255459148180374,0.5157642956764296,0.5010571827057183,0.5208228217550989,0.49650117996405413
0,CSHL045,2020-02-27,46794e05-3f6a-4d35-afb3-9165091a5a74,probe01,PRP,0.5064278629822947,0.43593769621089834,0.5146039051603905,0.5002538354253835,0.5346702899116981,0.49762345862311486
0,CSHL045,2020-02-27,46794e05-3f6a-4d35-afb3-9165091a5a74,probe01,V,0.19934185569437757,0.4396549247186338,0.5397782426778243,0.5000083682008368,0.50904860514183,0.4969931741814488
0,CSHL045,2020-02-27,46794e05-3f6a-4d35-afb3-9165091a5a74,probe01,arb,0.4528594755989557,0.4275849028913882,0.5091799163179916,0.5007266387726639,0.5116957490036727,0.4966728451980933
0,CSHL045,2020-02-27,46794e05-3f6a-4d35-afb3-9165091a5a74,probe01,cbc,0.2747761416221233,0.42239530106847495,0.5413403068340307,0.5008619246861925,0.5106826951629287,0.4958477690083613
0,CSHL045,2020-02-27,46794e05-3f6a-4d35-afb3-9165091a5a74,probe01,chpl,0.3435316347869187,0.4309399785391464,0.5091854951185495,0.499534170153417,0.4758382433382824,0.49516830897866687
0,CSHL045,2020-02-27,46794e05-3f6a-4d35-afb3-9165091a5a74,probe01,mlf,0.42861467063321723,0.42733359003792787,0.4913723849372385,0.5009776847977685,0.4757866453074939,0.4972969758537157
0,CSHL045,2020-02-27,46794e05-3f6a-4d35-afb3-9165091a5a74,probe01,tspc,0.5139358680982536,0.4258254080625613,0.500931659693166,0.4996122733612273,0.514837446276471,0.4959483121043994
0,CSHL045,2020-02-26,fa704052-147e-46f6-b190-a65b837e605e,probe00,MB,0.4950119910621405,0.4882490590433011,0.4609312977099237,0.5022126499454743,0.465980029154519,0.49515343640969267
0,CSHL045,2020-02-26,fa704052-147e-46f6-b190-a65b837e605e,probe00,MRN,0.6380408479600361,0.48407487653589387,0.5027928026172301,0.5021188658669574,0.43418748028485404,0.4963951249820771
0,CSHL045,2020-02-26,fa704052-147e-46f6-b190-a65b837e605e,probe00,RSPagl,0.5151315993126562,0.473999564670585,0.49929007633587785,0.5001832061068702,0.4885442001625006,0.49580001672800267
0,CSHL045,2020-02-26,fa704052-147e-46f6-b190-a65b837e605e,probe00,RSPagl,0.5171967443884748,0.4644144485373506,0.49990730643402403,0.5006412213740458,0.48815822061845815,0.4965529536873297
0,CSHL045,2020-02-26,fa704052-147e-46f6-b190-a65b837e605e,probe00,RSPagl,0.5180642861044475,0.47534058059504963,0.5003794983642311,0.5011374045801527,0.4896894709171725,0.49616456531090186
0,CSHL045,2020-02-26,fa704052-147e-46f6-b190-a65b837e605e,probe00,RSPv,0.4732267231738321,0.4727144209860471,0.4936292257360959,0.5020763358778626,0.48120437556755724,0.49753540840223676
0,CSHL045,2020-02-26,fa704052-147e-46f6-b190-a65b837e605e,probe00,RSPv,0.4774132464375781,0.48200876897153977,0.4934307524536532,0.5019345692475464,0.48025481049562685,0.4970637743153467
0,CSHL045,2020-02-26,fa704052-147e-46f6-b190-a65b837e605e,probe00,RSPv,0.46386925424239417,0.481781172368825,0.49127917121046893,0.5018462377317339,0.47867190412464755,0.49550726473259094
0,CSHL045,2020-02-26,fa704052-147e-46f6-b190-a65b837e605e,probe00,RSPv,0.45955377697190086,0.48202796160466166,0.4907284623773173,0.501948745910578,0.4800107202600009,0.49542941021841996
0,CSHL045,2020-02-26,fa704052-147e-46f6-b190-a65b837e605e,probe00,SCdg,0.557013118062563,0.47665502781510155,0.521264994547437,0.5014307524536532,0.5199732351957175,0.4963337427711132
0,CSHL045,2020-02-26,fa704052-147e-46f6-b190-a65b837e605e,probe00,SCig,0.5990898452370969,0.4766307778374015,0.48146892039258454,0.501103598691385,0.4514974764613106,0.4964047220761841
0,CSHL045,2020-02-26,fa704052-147e-46f6-b190-a65b837e605e,probe00,SCiw,0.5149029022318599,0.4869672198018444,0.4977742639040349,0.5033620501635769,0.47754560531472545,0.49643391244085455
0,CSHL045,2020-02-26,fa704052-147e-46f6-b190-a65b837e605e,probe00,SCop,0.6227634255593405,0.47277815001277773,0.5213369683751363,0.500174482006543,0.4950846890981217,0.4948817760359413
0,CSHL045,2020-02-26,fa704052-147e-46f6-b190-a65b837e605e,probe00,SCsg,0.4391315640230598,0.4833073544763162,0.4802704471101418,0.5023653217011996,0.4808779524924724,0.4958302609568417
0,CSHL045,2020-02-26,fa704052-147e-46f6-b190-a65b837e605e,probe01,ICe,0.20603314915521495,0.4782804695112775,0.4688167938931298,0.500474372955289,0.47363086077522343,0.49580214835348657
0,CSHL045,2020-02-26,fa704052-147e-46f6-b190-a65b837e605e,probe01,MB,0.4748881971369388,0.46957649457741707,0.5032835332606325,0.5002922573609596,0.5016850977393299,0.49614459924485016
0,CSHL045,2020-02-26,fa704052-147e-46f6-b190-a65b837e605e,probe01,NLL,0.5320533917516775,0.4736650698987724,0.4980185387131952,0.5004285714285713,0.47298998470582615,0.49612333317401897
0,CSHL045,2020-02-26,fa704052-147e-46f6-b190-a65b837e605e,probe01,P,0.46258788378587073,0.4797461109096637,0.5059400218102508,0.5012660850599782,0.5324771830043493,0.4963766644362663
0,CSHL045,2020-02-26,fa704052-147e-46f6-b190-a65b837e605e,probe01,PSV,0.4017161575339569,0.471769766060689,0.4713653217011996,0.5004863685932388,0.4405759546910099,0.49626678057639917
0,CSHL045,2020-02-26,fa704052-147e-46f6-b190-a65b837e605e,probe01,SAG,0.5411809983174727,0.48480750598292127,0.5018680479825518,0.5021101417666304,0.47233829039812647,0.4965101347799073
0,CSHL045,2020-02-26,fa704052-147e-46f6-b190-a65b837e605e,probe01,SCig,0.6066677235847394,0.47637291955623634,0.5042889858233369,0.5009716466739368,0.49434759833675856,0.4971182144052
0,CSHL045,2020-02-26,fa704052-147e-46f6-b190-a65b837e605e,probe01,mcp,0.4551034771048268,0.48824141672675125,0.4828429661941112,0.5028484187568157,0.4701416742340965,0.49580454523729867
0,CSHL045,2020-02-26,fa704052-147e-46f6-b190-a65b837e605e,probe01,void,0.49423614363026636,0.468456730834917,0.49663467829880037,0.5007688113413304,0.48839781341107874,0.4965253094680495
0,CSHL045,2020-02-25,dfd8e7df-dc51-4589-b6ca-7baccfeb94b4,probe00,CA,0.5244771582688772,0.48649946610792816,0.48619634703196346,0.5006255707762557,0.4149828494657514,0.49279884333606233
0,CSHL045,2020-02-25,dfd8e7df-dc51-4589-b6ca-7baccfeb94b4,probe00,DG-mo,0.3480745939068915,0.4795583269437415,0.4731301369863014,0.5016232876712329,0.5051195289375905,0.49453017612360145
0,CSHL045,2020-02-25,dfd8e7df-dc51-4589-b6ca-7baccfeb94b4,probe00,DG-po,0.6006727472726187,0.4891101492496086,0.48596118721461184,0.5022214611872146,0.5006187732224952,0.4937708084052312
0,CSHL045,2020-02-25,dfd8e7df-dc51-4589-b6ca-7baccfeb94b4,probe00,DG-sg,0.3581101047115991,0.4862737162607545,0.4504634703196347,0.5012853881278538,0.4483062325503285,0.4945054054621407
0,CSHL045,2020-02-25,dfd8e7df-dc51-4589-b6ca-7baccfeb94b4,probe00,Eth,0.6336387657732114,0.4906632097134941,0.5443561643835617,0.5026141552511415,0.4874599995801583,0.49438844805508325
0,CSHL045,2020-02-25,dfd8e7df-dc51-4589-b6ca-7baccfeb94b4,probe00,LP,0.6283808153139279,0.48962945629087723,0.5359566210045662,0.5013196347031964,0.46715095409030793,0.4936908075655478
0,CSHL045,2020-02-25,dfd8e7df-dc51-4589-b6ca-7baccfeb94b4,probe00,PO,0.39364240303342046,0.489872489359656,0.5090958904109588,0.5025068493150685,0.4909013896760921,0.4942090182001385
0,CSHL045,2020-02-25,dfd8e7df-dc51-4589-b6ca-7baccfeb94b4,probe00,VISam,0.4936181103210754,0.4817831665835979,0.5006232876712329,0.5016643835616438,0.4490215798643911,0.4939701807418603
0,CSHL045,2020-02-25,dfd8e7df-dc51-4589-b6ca-7baccfeb94b4,probe00,VISam,0.5023529329681165,0.4849841955352577,0.5020844748858447,0.5028127853881279,0.4471289333921112,0.4951817284883599
0,CSHL045,2020-02-25,dfd8e7df-dc51-4589-b6ca-7baccfeb94b4,probe00,VISam,0.487803641628536,0.48714564064643323,0.4992283105022831,0.5011278538812785,0.450406721665932,0.49237961038688416
0,CSHL045,2020-02-25,dfd8e7df-dc51-4589-b6ca-7baccfeb94b4,probe00,VISam,0.5011555512765834,0.48140746857098704,0.5001232876712329,0.5008013698630137,0.44923038814366983,0.49437251506182167
0,CSHL045,2020-02-25,dfd8e7df-dc51-4589-b6ca-7baccfeb94b4,probe00,VISam,0.4821522311320642,0.48101800917854154,0.4974771689497717,0.4999429223744292,0.44672586434914036,0.49482846316938517
0,CSHL045,2020-02-25,dfd8e7df-dc51-4589-b6ca-7baccfeb94b4,probe00,VISam,0.4891956151065655,0.4805576774576001,0.49691324200913245,0.500634703196347,0.4470284547725507,0.49299166614186446
0,CSHL045,2020-02-25,dfd8e7df-dc51-4589-b6ca-7baccfeb94b4,probe01,GPi,0.49358397132175874,0.47721141241769816,0.5050228310502283,0.5005753424657534,0.49859928207065934,0.49534274828389696
0,CSHL045,2020-02-25,dfd8e7df-dc51-4589-b6ca-7baccfeb94b4,probe01,MEA,0.13220567992146381,0.47728446062060154,0.4663310502283105,0.49953196347031964,0.40236109536704656,0.4936067027730546
0,CSHL045,2020-02-25,dfd8e7df-dc51-4589-b6ca-7baccfeb94b4,probe01,RT,0.5196471791065446,0.486245295045235,0.5040068493150686,0.5023356164383561,0.47227104981422,0.49524363414992545
0,CSHL045,2020-02-24,034e726f-b35f-41e0-8d6c-a22cc32391fb,probe00,CA,0.5300113816272243,0.5222861808306603,0.5039098196392786,0.5098537074148296,0.4673957990538873,0.49476892225421637
0,CSHL045,2020-02-24,034e726f-b35f-41e0-8d6c-a22cc32391fb,probe00,CA,0.5367973934762263,0.5124150530610797,0.5072084168336674,0.5060400801603206,0.47080362162347456,0.49402276155217334
0,CSHL045,2020-02-24,034e726f-b35f-41e0-8d6c-a22cc32391fb,probe00,DG-mo,0.49057278934820475,0.5127672078196046,0.48170741482965934,0.5073006012024048,0.4969742475661593,0.4926908336761278
0,CSHL045,2020-02-24,034e726f-b35f-41e0-8d6c-a22cc32391fb,probe00,LGd-co,0.5080028281899452,0.5161528413985371,0.4743887775551102,0.507937875751503,0.4497047682709448,0.49209833916083917
0,CSHL045,2020-02-24,034e726f-b35f-41e0-8d6c-a22cc32391fb,probe00,LGd-sh,0.5203899692145899,0.5172582262082366,0.48325450901803607,0.5088997995991984,0.4775535530645825,0.4949380998903058
0,CSHL045,2020-02-24,034e726f-b35f-41e0-8d6c-a22cc32391fb,probe00,TH,0.6912693089832428,0.504919942889123,0.5905731462925852,0.5058737474949899,0.5547605409296587,0.494182855135061
0,CSHL045,2020-02-24,034e726f-b35f-41e0-8d6c-a22cc32391fb,probe00,VISrl,0.5092772757015882,0.5162717341339961,0.5109779559118236,0.5093466933867735,0.5033965617715618,0.4948191844919786
0,CSHL045,2020-02-24,034e726f-b35f-41e0-8d6c-a22cc32391fb,probe00,VISrl,0.4779360254032686,0.5114250986748589,0.5003366733466934,0.506687374749499,0.5060498080351021,0.4923682726587138
0,CSHL045,2020-02-24,034e726f-b35f-41e0-8d6c-a22cc32391fb,probe00,VISrl,0.49267519825929706,0.5176181176331334,0.5065871743486974,0.509130260521042,0.5026077145893322,0.494651746537776
0,CSHL045,2020-02-24,034e726f-b35f-41e0-8d6c-a22cc32391fb,probe00,VISrl,0.487160521256499,0.49968420127585866,0.5031342685370741,0.5010040080160321,0.5039674945152887,0.49233799533799527
0,CSHL045,2020-02-24,034e726f-b35f-41e0-8d6c-a22cc32391fb,probe00,VISrl,0.4955072886969369,0.5057002892424508,0.507809619238477,0.5051943887775551,0.5047617064308241,0.49409953894145064
0,CSHL045,2020-02-24,034e726f-b35f-41e0-8d6c-a22cc32391fb,probe00,ZI,0.6682992006115642,0.5137822442924103,0.5838737474949899,0.5085130260521042,0.5220327368709723,0.4950222387906211
0,CSHL045,2020-02-24,034e726f-b35f-41e0-8d6c-a22cc32391fb,probe00,ar,0.6937992588344116,0.5131955344962209,0.5602324649298597,0.5072785571142284,0.42771697175373646,0.492315970793912
0,CSHL045,2020-02-24,034e726f-b35f-41e0-8d6c-a22cc32391fb,probe00,fp,0.6706886868546191,0.5127380050791218,0.5625831663326654,0.5065370741482966,0.47034140614287673,0.4940455145344851
0,CSHL045,2020-02-24,034e726f-b35f-41e0-8d6c-a22cc32391fb,probe00,or,0.7408348352525461,0.523372956345096,0.6076793587174348,0.5117054108216432,0.5050991532976827,0.49340057246674895
0,CSHL045,2020-02-24,034e726f-b35f-41e0-8d6c-a22cc32391fb,probe01,AV,0.6741265677295655,0.5909140524847071,0.5532284569138276,0.53263126252505,0.4734203088578089,0.4942157034142328
0,CSHL045,2020-02-24,034e726f-b35f-41e0-8d6c-a22cc32391fb,probe01,LHA,0.5859849165248293,0.5826584629611309,0.4979559118236473,0.5299679358717435,0.5001280851501441,0.49242527937748526
0,CSHL045,2020-02-24,034e726f-b35f-41e0-8d6c-a22cc32391fb,probe01,PAL,0.5959647758690787,0.5915692832111273,0.48710220440881763,0.5332104208416834,0.385982963115316,0.4939164781297135
0,CSHL045,2020-02-24,034e726f-b35f-41e0-8d6c-a22cc32391fb,probe01,RT,0.583147678261371,0.5759468230292095,0.4778957915831663,0.5284649298597195,0.41656277423556837,0.492993041272453
0,CSHL045,2020-02-24,034e726f-b35f-41e0-8d6c-a22cc32391fb,probe01,VAL,0.6261968083920079,0.5923894935375018,0.5285951903807615,0.5338797595190381,0.45387380878925,0.4940989476210065
0,CSHL045,2020-02-24,034e726f-b35f-41e0-8d6c-a22cc32391fb,probe01,opt,0.6397081305855411,0.5843175301650992,0.5204869739478957,0.5318016032064128,0.49718108974358977,0.49546413512957627
0,NYU-11,2020-02-21,56956777-dca5-468c-87cb-78150432cc57,probe00,CA,0.3929739047871551,0.3504388876615092,0.5030181268882176,0.5069667673716013,0.49593022605639425,0.49333017812924357
0,NYU-11,2020-02-21,56956777-dca5-468c-87cb-78150432cc57,probe00,CA,0.39046095091193667,0.34587122694235406,0.5065287009063445,0.5151480362537764,0.49678951992970677,0.4974834451633517
0,NYU-11,2020-02-21,56956777-dca5-468c-87cb-78150432cc57,probe00,CA,0.38855431695578,0.342701142030258,0.5074350453172205,0.5128489425981873,0.49724834251937056,0.49225031951433823
0,NYU-11,2020-02-21,56956777-dca5-468c-87cb-78150432cc57,probe00,LGd-co,0.49457815304591907,0.35385045343457694,0.44401812688821746,0.5094199395770392,0.5557667944724018,0.4954202212636792
0,NYU-11,2020-02-21,56956777-dca5-468c-87cb-78150432cc57,probe00,LGd-ip,0.4619198095992871,0.34335288518059703,0.4142477341389728,0.5127341389728096,0.4274177050882658,0.4947416526879143
0,NYU-11,2020-02-21,56956777-dca5-468c-87cb-78150432cc57,probe00,LGd-sh,0.2454537485341548,0.3474408029740105,0.4624561933534743,0.5103051359516617,0.3927258367281731,0.49396772905184116
0,NYU-11,2020-02-21,56956777-dca5-468c-87cb-78150432cc57,probe00,SSp-bfd,0.5400778820985463,0.34325494843514504,0.5143685800604231,0.5153867069486405,0.6560296549245147,0.4946501517693107
0,NYU-11,2020-02-21,56956777-dca5-468c-87cb-78150432cc57,probe00,SSp-bfd,0.5305647845938423,0.3506295764734929,0.5182477341389728,0.5110604229607251,0.6522112788561387,0.4953472921159838
0,NYU-11,2020-02-21,56956777-dca5-468c-87cb-78150432cc57,probe00,SSp-bfd,0.5457249845188161,0.34688245431741027,0.5120634441087614,0.5071722054380665,0.657491892323668,0.4923250658998322
0,NYU-11,2020-02-21,56956777-dca5-468c-87cb-78150432cc57,probe00,SSp-tr,0.5296732411243946,0.3440364796548913,0.4213111782477341,0.5131148036253775,0.5407622413930826,0.49320267193865325
0,NYU-11,2020-02-21,56956777-dca5-468c-87cb-78150432cc57,probe00,SSp-tr,0.5275888616918064,0.33867538779817574,0.42173413897280965,0.5180513595166163,0.5343849348989536,0.4939184239955268
0,NYU-11,2020-02-21,56956777-dca5-468c-87cb-78150432cc57,probe00,TH,0.38066456359150963,0.35238888235939736,0.4883746223564955,0.5092688821752266,0.4829459621375509,0.4950612469047048
0,NYU-11,2020-02-21,56956777-dca5-468c-87cb-78150432cc57,probe00,VISa,0.50593038540571,0.3516815328335577,0.5318126888217523,0.5118791540785499,0.6294524123332534,0.49613914849428864
0,NYU-11,2020-02-21,56956777-dca5-468c-87cb-78150432cc57,probe00,VISa,0.5022056287409087,0.34325958659961836,0.5323957703927492,0.5140876132930514,0.627677430305935,0.4939714034667305
0,NYU-11,2020-02-21,56956777-dca5-468c-87cb-78150432cc57,probe00,VPM,0.47616906897540645,0.3451246508739645,0.461190332326284,0.5140181268882175,0.5236809849029476,0.49489324227174697
0,NYU-11,2020-02-21,56956777-dca5-468c-87cb-78150432cc57,probe01,BMAp,0.44959015394336704,0.3628258805285584,0.44335045317220545,0.5048126888217522,0.4945499840242831,0.4936436017253774
0,NYU-11,2020-02-21,56956777-dca5-468c-87cb-78150432cc57,probe01,CEAc,0.4812145871653229,0.36322439630134656,0.46680362537764347,0.505534743202417,0.5071969007109194,0.49225443326144264
0,NYU-11,2020-02-21,56956777-dca5-468c-87cb-78150432cc57,probe01,CEAl,0.4421769614799524,0.3651520307865929,0.4804682779456193,0.49919335347432026,0.5188223100886652,0.49339533908459143
0,NYU-11,2020-02-21,56956777-dca5-468c-87cb-78150432cc57,probe01,CEAm,0.3561419386221353,0.3664071448183827,0.44825679758308157,0.5018429003021148,0.41756841600766836,0.49289468008626885
0,NYU-11,2020-02-21,56956777-dca5-468c-87cb-78150432cc57,probe01,COApl,0.5307211033010698,0.3682860870436551,0.40811782477341385,0.5030664652567975,0.5291956426232127,0.49546337566898313
0,NYU-11,2020-02-21,56956777-dca5-468c-87cb-78150432cc57,probe01,CTXsp,0.3721331921777924,0.378595853559699,0.46475226586102725,0.4932114803625377,0.48111542455467693,0.4926800662992251
0,NYU-11,2020-02-21,56956777-dca5-468c-87cb-78150432cc57,probe01,GPe,0.4195732210306086,0.3724907647156385,0.5077250755287009,0.496595166163142,0.5259835250419362,0.49441113507468654
0,NYU-11,2020-02-21,56956777-dca5-468c-87cb-78150432cc57,probe01,IA,0.4843400324940817,0.37471093294028796,0.462607250755287,0.49527492447129906,0.5414921119897756,0.4929054037862449
0,NYU-11,2020-02-21,56956777-dca5-468c-87cb-78150432cc57,probe01,PA,0.45548038950362557,0.36958461829384104,0.4443806646525679,0.4987945619335347,0.5027892004153686,0.4933950195702532
0,NYU-11,2020-02-21,56956777-dca5-468c-87cb-78150432cc57,probe01,PAL,0.2942876966860648,0.3634244194689193,0.4521450151057402,0.5041329305135952,0.4147475037942327,0.49407185078680405
0,CSHL052,2020-02-21,4b00df29-3769-43be-bb40-128b1cba6d35,probe00,CA,0.023698489860513764,0.41666233345955384,0.5226177285318561,0.5017797783933519,0.42821309411030756,0.49490321325970255
0,CSHL052,2020-02-21,4b00df29-3769-43be-bb40-128b1cba6d35,probe00,CA,0.024787537052646146,0.41575843237874693,0.5219944598337951,0.502650969529086,0.42751077119773256,0.49555554656993
0,CSHL052,2020-02-21,4b00df29-3769-43be-bb40-128b1cba6d35,probe00,DG-mo,0.40338159388076944,0.4197120540723879,0.5250747922437673,0.5013213296398892,0.508707695033003,0.49594745719633077
0,CSHL052,2020-02-21,4b00df29-3769-43be-bb40-128b1cba6d35,probe00,LGd-co,0.44169794002705703,0.41458562587268455,0.5017534626038781,0.5010124653739612,0.4922876953410816,0.494755293175289
0,CSHL052,2020-02-21,4b00df29-3769-43be-bb40-128b1cba6d35,probe00,LP,0.3136747367089938,0.4181246643280931,0.5158227146814404,0.502123268698061,0.49378869659650176,0.4953088179794665
0,CSHL052,2020-02-21,4b00df29-3769-43be-bb40-128b1cba6d35,probe00,PO,0.4529891335956179,0.41221957726499536,0.4917008310249308,0.5028393351800554,0.482000388949221,0.49562606575937523
0,CSHL052,2020-02-21,4b00df29-3769-43be-bb40-128b1cba6d35,probe00,VPM,0.34373427663075845,0.42297309643832,0.5160138504155125,0.5004958448753463,0.49430125850104367,0.49408090143795685
0,CSHL052,2020-02-21,4b00df29-3769-43be-bb40-128b1cba6d35,probe01,CA,0.2955258707075415,0.42521220859858094,0.5291024930747923,0.5013504155124654,0.521390335574605,0.4968137934487088
0,CSHL052,2020-02-21,4b00df29-3769-43be-bb40-128b1cba6d35,probe01,MGm,0.311574444362623,0.43334580129049904,0.520117728531856,0.49956925207756236,0.49920979766938545,0.4956811579133837
0,CSHL052,2020-02-21,4b00df29-3769-43be-bb40-128b1cba6d35,probe01,MGv,0.37447317124913004,0.4223082146195329,0.5051939058171745,0.5016329639889197,0.4875847254634657,0.4951186218104239
0,CSHL052,2020-02-21,4b00df29-3769-43be-bb40-128b1cba6d35,probe01,PIL,0.4832772912627893,0.4223571766833718,0.4813393351800554,0.5006052631578947,0.4743438041544398,0.49376324930489773
0,CSHL052,2020-02-21,4b00df29-3769-43be-bb40-128b1cba6d35,probe01,SGN,0.2150904498693441,0.4263337775606515,0.5164515235457063,0.5006191135734072,0.4683088564892904,0.4945310504709752
0,CSHL052,2020-02-21,4b00df29-3769-43be-bb40-128b1cba6d35,probe01,cpd,0.32853394350937887,0.41894076974168637,0.5018864265927978,0.5020512465373962,0.4732186857367314,0.49571939431749035
0,CSHL052,2020-02-20,83e77b4b-dfa0-4af9-968b-7ea0c7a0c7e4,probe00,CA,0.6251599274846241,0.4361182587975018,0.4851652386780905,0.49937821297429624,0.4859612514248005,0.49366599376087344
0,CSHL052,2020-02-20,83e77b4b-dfa0-4af9-968b-7ea0c7a0c7e4,probe00,CA,0.6239321186088825,0.4375364493499848,0.48461077111383105,0.4989265605875153,0.4860812856200132,0.4946675865378847
0,CSHL052,2020-02-20,83e77b4b-dfa0-4af9-968b-7ea0c7a0c7e4,probe00,DG-mo,0.45852582150683313,0.43457656900506003,0.5007319461444308,0.4993488372093023,0.49124999700042,0.4947239006539085
0,CSHL052,2020-02-20,83e77b4b-dfa0-4af9-968b-7ea0c7a0c7e4,probe00,LGd-co,0.4599387041093414,0.4441100501536887,0.4945924112607099,0.49795104039167687,0.48787797108404823,0.4932665096886436
0,CSHL052,2020-02-20,83e77b4b-dfa0-4af9-968b-7ea0c7a0c7e4,probe00,LGd-ip,0.3917468139211609,0.427562115205105,0.5202729498164015,0.49993145654834764,0.5189356590077389,0.49516088847561346
0,CSHL052,2020-02-20,83e77b4b-dfa0-4af9-968b-7ea0c7a0c7e4,probe00,LGd-sh,0.4393026251791706,0.4321072273842514,0.5052239902080784,0.4995189718482252,0.5074303167556542,0.49515197972283875
0,CSHL052,2020-02-20,83e77b4b-dfa0-4af9-968b-7ea0c7a0c7e4,probe00,TH,0.4479670122724134,0.43368589585326073,0.47408200734394124,0.4988665850673194,0.4562172925790389,0.4951771851940729
0,CSHL052,2020-02-20,83e77b4b-dfa0-4af9-968b-7ea0c7a0c7e4,probe00,ZI,0.49640039704832,0.42292670763724083,0.4961346389228886,0.5002325581395349,0.5068713900053993,0.4943057351970724
0,CSHL052,2020-02-20,83e77b4b-dfa0-4af9-968b-7ea0c7a0c7e4,probe00,ar,0.49071538070801923,0.4324547238991447,0.5072117503059975,0.4993023255813953,0.5072748425220469,0.49406089147519344
0,CSHL052,2020-02-20,83e77b4b-dfa0-4af9-968b-7ea0c7a0c7e4,probe01,CA,0.5296267683863578,0.4431188964892683,0.5093096695226438,0.4994736842105263,0.5175239486471893,0.49449267202591635
0,CSHL052,2020-02-20,83e77b4b-dfa0-4af9-968b-7ea0c7a0c7e4,probe01,CA,0.528103668571771,0.4376625202183186,0.5095605875152999,0.500015911872705,0.5189812496250525,0.49474418081468596
0,CSHL052,2020-02-20,83e77b4b-dfa0-4af9-968b-7ea0c7a0c7e4,probe01,DG-po,0.37561973314037334,0.44162323378356294,0.48133292533659733,0.4988690330477356,0.4638085488031676,0.49374773531705557
0,CSHL052,2020-02-20,83e77b4b-dfa0-4af9-968b-7ea0c7a0c7e4,probe01,DG-sg,0.652270076263902,0.43084475249195975,0.51621664626683,0.5001946144430844,0.5920354430379747,0.4945942468054473
0,CSHL052,2020-02-19,5386aba9-9b97-4557-abcd-abc2da66b863,probe00,LD,0.12230130099396712,0.49987323401351674,0.4774369565217392,0.5030043478260869,0.5346606902021123,0.4964037022262746
0,CSHL052,2020-02-19,5386aba9-9b97-4557-abcd-abc2da66b863,probe00,PO,0.2971844581107822,0.4963010035181143,0.48678260869565215,0.5031565217391304,0.5189952653673733,0.49730139949471924
0,CSHL052,2020-02-19,5386aba9-9b97-4557-abcd-abc2da66b863,probe00,VAL,0.42731372183296384,0.5010932143440974,0.4859913043478261,0.5030467391304347,0.4908569376377175,0.49575141041714155
0,CSHL052,2020-02-19,5386aba9-9b97-4557-abcd-abc2da66b863,probe00,VM,0.4329042317407099,0.4874068386783922,0.4946945652173913,0.5021967391304348,0.5051298699756858,0.49713769850315326
0,NYU-11,2020-02-18,6713a4a7-faed-4df2-acab-ee4e63326f8d,probe00,CA,0.3398640869486895,0.4320238430933537,0.5057986725663717,0.49874778761061944,0.4723219998037484,0.49343214601118635
0,NYU-11,2020-02-18,6713a4a7-faed-4df2-acab-ee4e63326f8d,probe00,CA,0.33846424374110584,0.4376149416417936,0.5060176991150442,0.499108407079646,0.47332294181140216,0.493896477283878
0,NYU-11,2020-02-18,6713a4a7-faed-4df2-acab-ee4e63326f8d,probe00,LGd-co,0.3744339656880423,0.42255704302174707,0.5189314159292036,0.5007146017699114,0.5027783240113826,0.4933799921499362
0,NYU-11,2020-02-18,6713a4a7-faed-4df2-acab-ee4e63326f8d,probe00,LGd-ip,0.33628640669987064,0.43728514492211124,0.47818141592920355,0.5006327433628318,0.45901465999411245,0.4947901579825336
0,NYU-11,2020-02-18,6713a4a7-faed-4df2-acab-ee4e63326f8d,probe00,MGm,0.41875921524641807,0.4324111546737622,0.47665265486725666,0.4994756637168141,0.4568616818761652,0.4936436659797861
0,NYU-11,2020-02-18,6713a4a7-faed-4df2-acab-ee4e63326f8d,probe00,MGv,0.46233125413720166,0.4284702298159113,0.48851991150442475,0.5004933628318584,0.47464996565597095,0.4939542930036307
0,NYU-11,2020-02-18,6713a4a7-faed-4df2-acab-ee4e63326f8d,probe00,TH,0.33972357006196363,0.44607506213136794,0.5049181415929204,0.49791592920353983,0.4896562457069964,0.4926819154155628
0,NYU-11,2020-02-18,6713a4a7-faed-4df2-acab-ee4e63326f8d,probe00,VISa,0.15824888029994436,0.4302798239140306,0.5140663716814159,0.5003075221238938,0.5051711608281817,0.49361220684918067
0,NYU-11,2020-02-18,6713a4a7-faed-4df2-acab-ee4e63326f8d,probe00,VISrl,0.40869783076737565,0.4330037822024488,0.47231858407079647,0.500646017699115,0.45158396624472574,0.49471130409184577
0,NYU-11,2020-02-18,6713a4a7-faed-4df2-acab-ee4e63326f8d,probe00,VISrl,0.408108510318011,0.43545077196739895,0.4747588495575221,0.5001283185840708,0.4528789422039054,0.4941831812383476
0,NYU-11,2020-02-18,6713a4a7-faed-4df2-acab-ee4e63326f8d,probe00,VISrl,0.40281089309413803,0.43441837284254153,0.473646017699115,0.49999778761061947,0.45161349229712494,0.4939764007457561
0,NYU-11,2020-02-18,6713a4a7-faed-4df2-acab-ee4e63326f8d,probe00,VISrl,0.4024725564812594,0.42594436898490945,0.475679203539823,0.5010132743362832,0.45401266804042784,0.49449189480914535
0,CSHL052,2020-02-18,85dc2ebd-8aaf-46b0-9284-a197aee8b16f,probe00,APN,0.6000984787509728,0.47021031360610377,0.4898941176470588,0.4999264705882353,0.47886999505684624,0.4948420445577612
0,CSHL052,2020-02-18,85dc2ebd-8aaf-46b0-9284-a197aee8b16f,probe00,MB,0.42333674978749686,0.46084673678854565,0.48227647058823525,0.49883088235294115,0.459194703887747,0.4935818222025652
0,CSHL052,2020-02-18,85dc2ebd-8aaf-46b0-9284-a197aee8b16f,probe00,MRN,0.47714346677588265,0.47753536679374037,0.4772544117647059,0.5008088235294117,0.45694274180260347,0.4939577663882891
0,CSHL052,2020-02-18,85dc2ebd-8aaf-46b0-9284-a197aee8b16f,probe00,SCig,0.34512882802106254,0.46462937196989174,0.48275441176470585,0.5000249999999999,0.4772227757976256,0.4947610288697523
0,CSHL052,2020-02-18,85dc2ebd-8aaf-46b0-9284-a197aee8b16f,probe00,SCiw,0.5891139476313492,0.46847780824780544,0.4802661764705882,0.49924852941176473,0.4676752304637025,0.49415227515154664
0,CSHL052,2020-02-18,85dc2ebd-8aaf-46b0-9284-a197aee8b16f,probe00,SUB,0.3658823592680646,0.47006072472263843,0.4506470588235294,0.5010749999999999,0.4257029468134003,0.4962088222285818
0,CSHL052,2020-02-18,85dc2ebd-8aaf-46b0-9284-a197aee8b16f,probe00,VISp,0.5191642958312065,0.46924623869680976,0.4879970588235294,0.5012573529411765,0.4612058606724424,0.4951472756285177
0,CSHL052,2020-02-18,85dc2ebd-8aaf-46b0-9284-a197aee8b16f,probe00,VISp,0.522560161870261,0.47181711161445106,0.4887529411764706,0.5006661764705883,0.45939749460155577,0.4943723322146196
0,CSHL052,2020-02-18,85dc2ebd-8aaf-46b0-9284-a197aee8b16f,probe00,VISp,0.5227033519896531,0.4705613458038823,0.48762205882352944,0.500060294117647,0.4606888328086653,0.49473803453269855
0,CSHL052,2020-02-18,85dc2ebd-8aaf-46b0-9284-a197aee8b16f,probe00,VISp,0.5093024516995253,0.4661130952172915,0.4861985294117648,0.5004235294117647,0.45992967279791175,0.4944469998525726
0,CSHL052,2020-02-18,85dc2ebd-8aaf-46b0-9284-a197aee8b16f,probe00,dhc,0.5409689163165106,0.46826211282798386,0.5336426470588235,0.5010588235294118,0.516110570544007,0.4955795891111862
0,CSHL052,2020-02-18,85dc2ebd-8aaf-46b0-9284-a197aee8b16f,probe00,fp,0.2810147401550989,0.48458712183039926,0.46820588235294114,0.5017,0.4565380926364354,0.4948952615101768
0,CSHL052,2020-02-18,85dc2ebd-8aaf-46b0-9284-a197aee8b16f,probe00,scwm,0.5007496251874064,0.47242731225218837,0.5102941176470586,0.5011573529411765,0.514669025504939,0.4948867844351363
0,CSHL054,2020-02-11,a71175be-d1fd-47a3-aa93-b830ea3634a1,probe00,CS,0.44199657107646007,0.4593720204308464,0.4825882352941177,0.4998522875816993,0.45937796665845443,0.49688340039966056
0,CSHL054,2020-02-11,a71175be-d1fd-47a3-aa93-b830ea3634a1,probe00,MB,0.44952190224077654,0.45088765730583147,0.5022509803921569,0.4995294117647059,0.5016374757055652,0.49500452697708797
0,CSHL054,2020-02-11,a71175be-d1fd-47a3-aa93-b830ea3634a1,probe00,MRN,0.617584257139241,0.44859041367308394,0.5169137254901961,0.5000039215686275,0.5159057752319947,0.49741823725055434
0,CSHL054,2020-02-11,a71175be-d1fd-47a3-aa93-b830ea3634a1,probe00,SCdg,0.6026947722977299,0.4559518789351441,0.5053921568627451,0.5007856209150328,0.474981002436287,0.4972934870384057
0,CSHL054,2020-02-11,a71175be-d1fd-47a3-aa93-b830ea3634a1,probe00,SCig,0.12687077852310427,0.4569894313016883,0.49070980392156865,0.500640522875817,0.5075752477348006,0.4959408344967288
0,CSHL054,2020-02-11,a71175be-d1fd-47a3-aa93-b830ea3634a1,probe00,SCiw,0.22303575390073285,0.4551822843220008,0.4995529411764706,0.5002209150326797,0.5115490473844132,0.49638854671375
0,CSHL054,2020-02-11,a71175be-d1fd-47a3-aa93-b830ea3634a1,probe00,tspc,0.5507817595258343,0.43835044755432717,0.49692156862745096,0.49903267973856213,0.48233862336098104,0.4962788419424598
0,CSHL054,2020-02-11,a71175be-d1fd-47a3-aa93-b830ea3634a1,probe01,MB,0.18180521208022263,0.45831070453626216,0.4815895424836602,0.50020522875817,0.4860426350223098,0.49593128096685
0,CSHL054,2020-02-11,a71175be-d1fd-47a3-aa93-b830ea3634a1,probe01,MRN,0.4711985972464156,0.4605320058992729,0.5062326797385621,0.5004300653594771,0.5039583367550847,0.49667683953354685
0,CSHL054,2020-02-11,a71175be-d1fd-47a3-aa93-b830ea3634a1,probe01,RSPd,0.4832864257552574,0.47212282338007866,0.4849594771241831,0.5001215686274509,0.46349077153650325,0.4955117639812762
0,CSHL054,2020-02-11,a71175be-d1fd-47a3-aa93-b830ea3634a1,probe01,RSPd,0.46901347967088985,0.4621957350249335,0.48528235294117655,0.4995973856209151,0.4635947448742164,0.4945589533546851
0,CSHL054,2020-02-11,a71175be-d1fd-47a3-aa93-b830ea3634a1,probe01,SCig,0.4775961102270766,0.4656904068310835,0.49781307189542484,0.4992718954248366,0.4881233609810846,0.49381645383373024
0,CSHL054,2020-02-11,a71175be-d1fd-47a3-aa93-b830ea3634a1,probe01,SCiw,0.5769601988124271,0.47581298415970746,0.48245359477124183,0.5007633986928105,0.4354853001560318,0.49481180709534367
0,CSHL054,2020-02-11,a71175be-d1fd-47a3-aa93-b830ea3634a1,probe01,VISp,0.555639126551931,0.462612422585368,0.5212235294117648,0.49950326797385625,0.5191528325258,0.49474890846130687
0,CSHL054,2020-02-11,a71175be-d1fd-47a3-aa93-b830ea3634a1,probe01,VISp,0.5569481473955685,0.45763388202416094,0.5215973856209151,0.4997490196078431,0.5191345261558676,0.49632129219019466
0,CSHL054,2020-02-11,a71175be-d1fd-47a3-aa93-b830ea3634a1,probe01,VISp,0.5667122055923219,0.4695649330731874,0.5199124183006536,0.49997516339869286,0.5162637725493416,0.49504925611124795
0,DY_011,2020-02-08,cf43dbb1-6992-40ec-a5f9-e8e838d0f643,probe00,CM,0.6550522648083621,0.4455721426544103,0.6826923076923077,0.5009423076923076,0.6679301252471987,0.4963104400131839
0,DY_011,2020-02-08,cf43dbb1-6992-40ec-a5f9-e8e838d0f643,probe00,MOp,0.3716367328478716,0.4318413482940716,0.46396474358974354,0.4992371794871795,0.43657521011865524,0.49514152109426507
0,DY_011,2020-02-08,cf43dbb1-6992-40ec-a5f9-e8e838d0f643,probe00,MOp,0.37069416958946505,0.43168650622280336,0.4647147435897436,0.49822435897435896,0.43984545978905737,0.49255026367831245
0,DY_011,2020-02-08,cf43dbb1-6992-40ec-a5f9-e8e838d0f643,probe00,MOp,0.37128457124258124,0.42644230203793676,0.46658974358974364,0.49818269230769224,0.43843605800922875,0.49326437870797624
0,DY_011,2020-02-08,cf43dbb1-6992-40ec-a5f9-e8e838d0f643,probe00,PVT,0.3829599249107522,0.4414422184702107,0.50975,0.501474358974359,0.5094039428147659,0.4964104111733685
0,DY_011,2020-02-08,cf43dbb1-6992-40ec-a5f9-e8e838d0f643,probe00,V,0.5496959619266049,0.43836196736143423,0.4848525641025641,0.5004711538461538,0.43665031723796965,0.494866801252472
0,DY_011,2020-02-08,cf43dbb1-6992-40ec-a5f9-e8e838d0f643,probe00,fi,0.22198443498299647,0.439883640747224,0.42199358974358975,0.5000865384615385,0.45700510876730394,0.49343799439683583
0,DY_011,2020-02-07,741979ce-3f10-443a-8526-2275620c8473,probe00,AV,0.48381343197594123,0.3976549219538641,0.477483870967742,0.5014573055028462,0.48270804814727397,0.495537202029738
0,DY_011,2020-02-07,741979ce-3f10-443a-8526-2275620c8473,probe00,SSp-ll,0.5635011086566057,0.40260216431807566,0.4927988614800759,0.5008102466793168,0.5400596751829124,0.4949301466249705
0,DY_011,2020-02-07,741979ce-3f10-443a-8526-2275620c8473,probe00,SSp-ll,0.5628211489265618,0.3984673512490169,0.4924667931688805,0.5012447817836813,0.5399269014042954,0.49359976840925185
0,DY_011,2020-02-07,741979ce-3f10-443a-8526-2275620c8473,probe00,SSp-ll,0.565995353269346,0.3950649172559426,0.49081593927893735,0.5024857685009487,0.5403889544489024,0.49529069801746517
0,DY_011,2020-02-07,741979ce-3f10-443a-8526-2275620c8473,probe00,SSp-ll,0.5630779832522814,0.39350107138671936,0.493370018975332,0.5036489563567362,0.5400916406065612,0.4966813488317206
0,DY_011,2020-02-07,741979ce-3f10-443a-8526-2275620c8473,probe00,SSp-ll,0.567364161389555,0.3918341150944649,0.49164326375711576,0.5039999999999999,0.5414013969199906,0.4954923663559122
0,DY_011,2020-02-07,741979ce-3f10-443a-8526-2275620c8473,probe00,VAL,0.40331201951045853,0.40509873438390254,0.5329734345351044,0.4995009487666034,0.5215106797262213,0.49392250560538115
0,DY_011,2020-02-07,741979ce-3f10-443a-8526-2275620c8473,probe00,VL,0.5514781342596174,0.3934025565986008,0.5124914611005693,0.5036110056925996,0.5474072530682087,0.4956241665683266
0,DY_011,2020-02-07,741979ce-3f10-443a-8526-2275620c8473,probe00,ccb,0.5169932358727194,0.401184031705701,0.5585407969639469,0.5010664136622391,0.5740760487963181,0.4945364939815908
0,DY_011,2020-02-07,741979ce-3f10-443a-8526-2275620c8473,probe00,chpl,0.586863084438186,0.39027369884849655,0.4636034155597723,0.5035445920303605,0.48182616680434276,0.4948895887420344
0,DY_011,2020-02-07,741979ce-3f10-443a-8526-2275620c8473,probe00,fi,0.5639352962489481,0.3944090720185217,0.4726603415559772,0.5019525616698293,0.556453615470852,0.4929734776964833
0,CSHL051,2020-02-05,ecb5520d-1358-434c-95ec-93687ecd1396,probe00,APN,0.31119769131630154,0.41346307134679117,0.5454738095238094,0.498547619047619,0.5090254202116622,0.49242068432823777
0,CSHL051,2020-02-05,ecb5520d-1358-434c-95ec-93687ecd1396,probe00,CA,0.3361374771401796,0.4136786898726056,0.4840190476190476,0.5010071428571429,0.4238060224574024,0.49505574001060615
0,CSHL051,2020-02-05,ecb5520d-1358-434c-95ec-93687ecd1396,probe00,DG-sg,0.3626872849648237,0.4061650761517269,0.5117190476190475,0.5019976190476191,0.4623010536994766,0.49332942519194856
0,CSHL051,2020-02-05,ecb5520d-1358-434c-95ec-93687ecd1396,probe00,MB,0.37310629597711054,0.4151170187895096,0.542592857142857,0.4985357142857143,0.48593209748449423,0.4929833990454451
0,CSHL051,2020-02-05,ecb5520d-1358-434c-95ec-93687ecd1396,probe00,VISa,0.3139474405885365,0.40704080069669885,0.44291904761904766,0.5021523809523809,0.3993587766018768,0.49371113186230436
0,CSHL051,2020-02-05,ecb5520d-1358-434c-95ec-93687ecd1396,probe00,VISa,0.3131917373665886,0.3963836780125474,0.44598333333333334,0.5028928571428571,0.4008439625556247,0.4919803670655507
0,CSHL051,2020-02-05,ecb5520d-1358-434c-95ec-93687ecd1396,probe00,VISa,0.31584227335323883,0.4201425438735725,0.44611428571428574,0.4988261904761904,0.4012125383320652,0.4948233842890411
0,CSHL051,2020-02-05,ecb5520d-1358-434c-95ec-93687ecd1396,probe00,VISa,0.3218592313158043,0.41421554061804794,0.44485,0.5000119047619047,0.4015522123077632,0.4945276567291507
0,CSHL051,2020-02-05,ecb5520d-1358-434c-95ec-93687ecd1396,probe00,VISa,0.3213967211009519,0.414489574338659,0.4418571428571429,0.4997,0.3988502686126674,0.4948048004426921
0,CSHL051,2020-02-05,ecb5520d-1358-434c-95ec-93687ecd1396,probe01,APN,0.3492803947632495,0.4098314168536109,0.4969452380952381,0.49965714285714286,0.45713287680708303,0.4912018514675705
0,CSHL051,2020-02-05,ecb5520d-1358-434c-95ec-93687ecd1396,probe01,CA,0.2931013974188232,0.4128940746373751,0.505447619047619,0.49923333333333336,0.4448822485070669,0.49272787115814715
0,CSHL051,2020-02-05,ecb5520d-1358-434c-95ec-93687ecd1396,probe01,DG-mo,0.29473542947505926,0.41177541826798003,0.5728928571428571,0.5004119047619048,0.469443637453598,0.4918719766664361
0,CSHL051,2020-02-05,ecb5520d-1358-434c-95ec-93687ecd1396,probe01,DG-po,0.5101105439789594,0.4115469037935916,0.4974690476190476,0.5003238095238095,0.4987411403933504,0.49223494962071423
0,CSHL051,2020-02-05,ecb5520d-1358-434c-95ec-93687ecd1396,probe01,DG-sg,0.2694707950731972,0.4159604474173886,0.5316404761904762,0.49933571428571427,0.4513910562357335,0.49321168522745606
0,CSHL051,2020-02-05,ecb5520d-1358-434c-95ec-93687ecd1396,probe01,MRN,0.5085448666132831,0.41646815370529755,0.476604761904762,0.5001309523809524,0.44171799128449885,0.49267518618431666
0,CSHL051,2020-02-05,ecb5520d-1358-434c-95ec-93687ecd1396,probe01,VISa,0.12087116018332164,0.416949430504327,0.5699999999999998,0.4986119047619047,0.45549640312651307,0.49171723040741505
0,CSHL051,2020-02-05,ecb5520d-1358-434c-95ec-93687ecd1396,probe01,VISa,0.12266853432185292,0.4123601634189889,0.5692547619047619,0.5005928571428572,0.4546366466071799,0.4921112033386364
0,CSHL051,2020-02-05,ecb5520d-1358-434c-95ec-93687ecd1396,probe01,VISa,0.12267335054177855,0.4076090935486154,0.5698976190476189,0.50155,0.45563414493555604,0.49213383366765817
0,CSHL051,2020-02-05,ecb5520d-1358-434c-95ec-93687ecd1396,probe01,VISam,0.28816494146439886,0.40762840000508754,0.5427357142857143,0.5004285714285714,0.48429534712134836,0.4910419635240138
0,CSHL051,2020-02-05,ecb5520d-1358-434c-95ec-93687ecd1396,probe01,VISam,0.2847170389719188,0.41017134675079353,0.5438761904761905,0.5019309523809523,0.4895181803509257,0.49318845541951994
0,CSHL051,2020-02-05,ecb5520d-1358-434c-95ec-93687ecd1396,probe01,alv,0.2684720344737775,0.41281850786129237,0.46229761904761907,0.5013761904761904,0.3426786562449563,0.4942285398077056
0,CSHL051,2020-02-05,ecb5520d-1358-434c-95ec-93687ecd1396,probe01,ccs,0.2717907038836025,0.4044310043304772,0.5190380952380952,0.5009428571428571,0.4334359825689977,0.4917264416315049
0,DY_010,2020-02-04,202128f9-02af-4c6c-b6ce-25740e6ba8cd,probe00,DG-mo,0.43250751750294514,0.3867544754927518,0.5034934497816593,0.5001026200873362,0.4983205670426065,0.49569348175125316
0,DY_010,2020-02-04,202128f9-02af-4c6c-b6ce-25740e6ba8cd,probe00,MB,0.3817223122743796,0.4019196289078554,0.594764192139738,0.49539737991266375,0.5939039199561403,0.4956270461309524
0,DY_010,2020-02-04,202128f9-02af-4c6c-b6ce-25740e6ba8cd,probe00,ProS,0.338707045194175,0.39371714954684633,0.5545938864628822,0.49820960698689953,0.531462425595238,0.49523767426378446
0,DY_010,2020-02-04,202128f9-02af-4c6c-b6ce-25740e6ba8cd,probe00,SUB,0.4745348393550046,0.4084327763396692,0.4577882096069869,0.49322489082969434,0.507749843358396,0.4948765076754386
0,DY_010,2020-02-04,202128f9-02af-4c6c-b6ce-25740e6ba8cd,probe00,VISp,0.442643179233959,0.4026142583216426,0.495910480349345,0.4964650655021834,0.49607339638157893,0.4962053375626566
0,DY_010,2020-02-04,202128f9-02af-4c6c-b6ce-25740e6ba8cd,probe00,VISp,0.44003825890330595,0.3998797496254149,0.4998275109170305,0.4963034934497817,0.49835484218358395,0.4956564262218045
0,DY_010,2020-02-04,202128f9-02af-4c6c-b6ce-25740e6ba8cd,probe00,VISp,0.4498981170008402,0.40761578913017704,0.4961637554585153,0.49498471615720524,0.49900090068922304,0.49705121201441105
0,DY_010,2020-02-04,202128f9-02af-4c6c-b6ce-25740e6ba8cd,probe00,fp,0.4897459605714327,0.3944433371491469,0.45205676855895194,0.49803930131004365,0.48042188479010023,0.4951984257518797
0,DY_010,2020-02-04,202128f9-02af-4c6c-b6ce-25740e6ba8cd,probe00,or,0.4964941854015826,0.40440229433294805,0.48641703056768565,0.4944934497816594,0.5509507068452381,0.49460450932017547
0,DY_010,2020-02-04,202128f9-02af-4c6c-b6ce-25740e6ba8cd,probe00,root,0.29115340825368696,0.39389795048654735,0.5860829694323145,0.4974432314410481,0.5661506598527569,0.49620066768483706
0,DY_011,2020-02-01,36280321-555b-446d-9b7d-c2e17991e090,probe00,LSc,0.23628680267862637,0.38422375958687965,0.5536437768240343,0.5042081545064377,0.4466193829835767,0.49465530907846716
0,DY_011,2020-02-01,36280321-555b-446d-9b7d-c2e17991e090,probe00,LSr,0.4359944538376401,0.39161129742959555,0.484255364806867,0.5016287553648069,0.4947519958941606,0.4935636880322385
0,DY_011,2020-02-01,36280321-555b-446d-9b7d-c2e17991e090,probe00,MOp,0.292121547589166,0.38693506272049566,0.5594248927038626,0.5030493562231759,0.506604024102798,0.4942099395529197
0,DY_011,2020-02-01,36280321-555b-446d-9b7d-c2e17991e090,probe00,MOp,0.2801611273810592,0.38973189575682954,0.5681866952789698,0.5021180257510729,0.5096273855687349,0.494557149102798
0,DY_011,2020-02-01,36280321-555b-446d-9b7d-c2e17991e090,probe00,MOp,0.2996491224361955,0.38206768817994946,0.5621330472103004,0.5031673819742489,0.5103768533302919,0.4938172901459854
0,DY_011,2020-02-01,36280321-555b-446d-9b7d-c2e17991e090,probe00,MOp,0.28520793937498806,0.38732229720063477,0.5648004291845493,0.5036802575107295,0.5106226999695864,0.4941169213807786
0,DY_011,2020-02-01,36280321-555b-446d-9b7d-c2e17991e090,probe00,MOs,0.34467660541245665,0.38753738221486617,0.5869227467811159,0.5016030042918456,0.5694037979014598,0.4934529349148419
0,DY_011,2020-02-01,36280321-555b-446d-9b7d-c2e17991e090,probe00,MOs,0.34005778291085814,0.38944916979788946,0.592137339055794,0.5018755364806867,0.5727760511709246,0.4931597950881995
0,DY_011,2020-02-01,36280321-555b-446d-9b7d-c2e17991e090,probe00,TRS,0.14916708204818643,0.39135141482618385,0.5639849785407726,0.5013927038626609,0.44212125532238444,0.49286425068430656
0,DY_011,2020-02-01,36280321-555b-446d-9b7d-c2e17991e090,probe00,VL,0.3554672859042144,0.3924137517051577,0.6094635193133047,0.501695278969957,0.5577500095042578,0.4945189229774939
0,DY_011,2020-02-01,36280321-555b-446d-9b7d-c2e17991e090,probe00,cing,0.17490908803354135,0.3893159203115225,0.5791330472103005,0.5023412017167381,0.45811640815085153,0.4949137393552312
0,DY_011,2020-02-01,36280321-555b-446d-9b7d-c2e17991e090,probe00,fi,0.2238753559389391,0.38702237548280355,0.5723454935622317,0.5034635193133048,0.5071638629105839,0.4949042636100974
0,DY_011,2020-01-31,7bee9f09-a238-42cf-b499-f51f765c6ded,probe00,BST,0.4571955734262408,0.4209311999713407,0.491841225626741,0.496008356545961,0.5003194488238633,0.49389414769502427
0,DY_011,2020-01-31,7bee9f09-a238-42cf-b499-f51f765c6ded,probe00,CP,0.31916690014862725,0.4107522937857955,0.5172089136490251,0.49981894150417827,0.48000089865674467,0.49557622816421765
0,DY_011,2020-01-31,7bee9f09-a238-42cf-b499-f51f765c6ded,probe00,MOp,0.38061191541197936,0.4189393900175663,0.5104568245125348,0.4973649025069638,0.4981490508923504,0.4955585861133884
0,DY_011,2020-01-31,7bee9f09-a238-42cf-b499-f51f765c6ded,probe00,MOp,0.3750599926120864,0.41616371975798216,0.5107688022284124,0.4984428969359332,0.49835738159803245,0.49488519265939335
0,DY_011,2020-01-31,7bee9f09-a238-42cf-b499-f51f765c6ded,probe00,MOp,0.37309514652500575,0.41885672135530005,0.5090194986072424,0.49806685236768805,0.4963478116919972,0.495752853629312
0,DY_011,2020-01-31,7bee9f09-a238-42cf-b499-f51f765c6ded,probe00,STR,0.4814829610506039,0.4218900947020048,0.4683509749303621,0.4972089136490251,0.46307097811691994,0.49586857539257106
0,ZM_2241,2020-01-31,f8d5c8b0-b931-4151-b86c-c471e2e80e5d,probe00,HY,0.5442622942214939,0.3978089337218879,0.47027116212338593,0.5054232424677187,0.4854377831470855,0.49579539162388003
0,ZM_2241,2020-01-31,f8d5c8b0-b931-4151-b86c-c471e2e80e5d,probe00,LHA,0.3855850883574599,0.3926481773778817,0.5180014347202295,0.5060416068866571,0.4895087586831773,0.4929288524782711
0,ZM_2241,2020-01-31,f8d5c8b0-b931-4151-b86c-c471e2e80e5d,probe00,MD,0.4511918613729382,0.38843936854429034,0.5000272596843616,0.5074820659971305,0.4952197221383268,0.49481222943722947
0,ZM_2241,2020-01-31,f8d5c8b0-b931-4151-b86c-c471e2e80e5d,probe00,MH,0.4779412998201693,0.3816521267504982,0.5093859397417504,0.5085609756097561,0.513087574247458,0.4952260730225846
0,ZM_2241,2020-01-31,f8d5c8b0-b931-4151-b86c-c471e2e80e5d,probe00,PCN,0.27311344411496224,0.4017975448603073,0.5361047345767576,0.5040100430416069,0.46332767039162387,0.49641991341991343
0,ZM_2241,2020-01-31,f8d5c8b0-b931-4151-b86c-c471e2e80e5d,probe00,PeF,0.38867599445308154,0.3891933164849197,0.4938622668579627,0.5065638450502152,0.4735171062787342,0.49430972515856236
0,ZM_2241,2020-01-31,f8d5c8b0-b931-4151-b86c-c471e2e80e5d,probe00,SMT,0.4768858885035747,0.38814299287035314,0.4927890961262553,0.5080616929698709,0.5018281066478741,0.4954824826336454
0,ZM_2241,2020-01-31,f8d5c8b0-b931-4151-b86c-c471e2e80e5d,probe00,VM,0.29481146600954933,0.3952939747038677,0.5324461979913917,0.5054533715925394,0.4906739739588577,0.4950110951709789
0,ZM_2241,2020-01-31,f8d5c8b0-b931-4151-b86c-c471e2e80e5d,probe00,ZI,0.1645719961715987,0.3963649666557734,0.5418665710186512,0.5061061692969872,0.46817398654317266,0.4965311713480318
0,ZM_2241,2020-01-31,f8d5c8b0-b931-4151-b86c-c471e2e80e5d,probe01,APN,0.46721400195496515,0.3711417511078332,0.49932424677187953,0.5112338593974175,0.502593451122521,0.49411205073995773
0,ZM_2241,2020-01-31,f8d5c8b0-b931-4151-b86c-c471e2e80e5d,probe01,CA,0.5502189905017105,0.37255720119147145,0.47105882352941175,0.5129311334289814,0.5175133100104031,0.4954191248028457
0,ZM_2241,2020-01-31,f8d5c8b0-b931-4151-b86c-c471e2e80e5d,probe01,MRN,0.43572643581811743,0.37435154280932614,0.48991965566714485,0.5124791965566715,0.4799285294808551,0.49600291117151585
0,ZM_2241,2020-01-31,f8d5c8b0-b931-4151-b86c-c471e2e80e5d,probe01,RN,0.48311219319496684,0.375528443017915,0.5053142037302726,0.5118866571018651,0.5125119383200779,0.4949544993120575
0,ZM_2241,2020-01-31,f8d5c8b0-b931-4151-b86c-c471e2e80e5d,probe01,bsc,0.3058466444648606,0.3766785550906837,0.5211965566714492,0.5112725968436155,0.41343832846739825,0.4938851219839592
0,ZM_2241,2020-01-31,f8d5c8b0-b931-4151-b86c-c471e2e80e5d,probe01,ml,0.45279784703886405,0.3654936482084894,0.535522238163558,0.5144791965566715,0.5408748699620793,0.4962584608543911
0,DY_010,2020-01-31,097afc11-4214-4879-bd7a-643a4d16396e,probe00,APN,0.31951692930879266,0.266242026972272,0.38980769230769224,0.5146634615384615,0.4551995472000917,0.49040568579125354
0,DY_010,2020-01-31,097afc11-4214-4879-bd7a-643a4d16396e,probe00,MRN,0.23328155284074978,0.2644831049155955,0.44029807692307693,0.5206858974358974,0.379689946695707,0.4892841462715653
0,DY_010,2020-01-31,097afc11-4214-4879-bd7a-643a4d16396e,probe00,NOT,0.23527302707193395,0.2676660966896248,0.47125961538461536,0.512625,0.41388164154295864,0.49074952713933623
0,DY_010,2020-01-31,097afc11-4214-4879-bd7a-643a4d16396e,probe00,SUB,0.2579476349589469,0.2645045406046428,0.4541538461538462,0.522948717948718,0.4201708316616036,0.49132260560554825
0,DY_010,2020-01-31,097afc11-4214-4879-bd7a-643a4d16396e,probe00,cing,0.38166750480872685,0.26395869746487827,0.3424230769230769,0.5183846153846154,0.5903008253567948,0.4892223018283946
0,DY_010,2020-01-31,097afc11-4214-4879-bd7a-643a4d16396e,probe00,dhc,0.28135016820778813,0.2731210584481629,0.3617019230769231,0.5028525641025641,0.3706607153092222,0.4888007966985728
0,DY_010,2020-01-31,097afc11-4214-4879-bd7a-643a4d16396e,probe00,fp,0.3660195535818078,0.27094195321600917,0.3012660256410256,0.5091538461538462,0.4831494239697369,0.48894360061901754
0,DY_010,2020-01-31,097afc11-4214-4879-bd7a-643a4d16396e,probe00,root,0.23359992046772907,0.2705952314320244,0.5115032051282051,0.5085673076923077,0.43319524846678514,0.49126594830056747
0,DY_011,2020-01-30,2199306e-488a-40ab-93cb-2d2264775578,probe00,CP,0.5449847294212425,0.4627781631322118,0.5083940774487472,0.5020888382687928,0.47809225557640195,0.49529322493224925
0,DY_011,2020-01-30,2199306e-488a-40ab-93cb-2d2264775578,probe00,LSv,0.44471948869983835,0.44487560295796663,0.48992938496583144,0.4996742596810934,0.470344413174901,0.4936104336043361
0,DY_011,2020-01-30,2199306e-488a-40ab-93cb-2d2264775578,probe00,MOs,0.5942207549227354,0.4496807141690512,0.5210296127562642,0.5010182232346242,0.5017639774859287,0.4967072545340838
0,DY_011,2020-01-30,2199306e-488a-40ab-93cb-2d2264775578,probe00,MOs,0.5883171902104349,0.4450343905829938,0.5213234624145787,0.5005603644646925,0.5018863456326871,0.496687888263498
0,DY_011,2020-01-30,2199306e-488a-40ab-93cb-2d2264775578,probe00,STR,0.40055716522717966,0.42702806055913295,0.5000478359908884,0.49941230068337134,0.5122166458203044,0.49612112778820094
0,DY_011,2020-01-30,2199306e-488a-40ab-93cb-2d2264775578,probe00,VL,0.033104024255566515,0.43720848461130274,0.468876993166287,0.5001890660592255,0.4844756722951845,0.49645843235355425
0,DY_011,2020-01-30,2199306e-488a-40ab-93cb-2d2264775578,probe00,ccg,0.5625922981718227,0.41790530915031004,0.5320774487471527,0.49706833712984055,0.5334583489681051,0.49548789868667914
0,DY_011,2020-01-30,2199306e-488a-40ab-93cb-2d2264775578,probe00,cing,0.3993988673240603,0.42256683256752725,0.49974487471526197,0.49841457858769933,0.5156689180737961,0.4950661142380655
0,CSHL053,2020-01-30,0deb75fb-9088-42d9-b744-012fb8fc4afb,probe00,CA,0.3847660792622329,0.4431899849791142,0.45203108808290154,0.4997426597582038,0.40939338770928374,0.4941710872005541
0,CSHL053,2020-01-30,0deb75fb-9088-42d9-b744-012fb8fc4afb,probe00,DG-mo,0.47543456993755173,0.44335878304944265,0.4459067357512954,0.4981778929188255,0.4301803601710096,0.49209283718264113
0,CSHL053,2020-01-30,0deb75fb-9088-42d9-b744-012fb8fc4afb,probe00,DG-sg,0.36023670355788473,0.4393864844894238,0.4805423143350605,0.5007668393782384,0.4604204065060069,0.49487929016694926
0,CSHL053,2020-01-30,0deb75fb-9088-42d9-b744-012fb8fc4afb,probe00,LH,0.33147089562773924,0.44458747943360366,0.4212020725388601,0.4992452504317789,0.37986679285390146,0.49444906135804534
0,CSHL053,2020-01-30,0deb75fb-9088-42d9-b744-012fb8fc4afb,probe00,LP,0.33062429873897586,0.4416266973562799,0.42226079447322973,0.4988134715025907,0.38634172060474337,0.4934736021877762
0,CSHL053,2020-01-30,0deb75fb-9088-42d9-b744-012fb8fc4afb,probe00,MD,0.30678810155334896,0.4433762793040293,0.48164594127806565,0.4999550949913644,0.5001881941293082,0.4945874334232965
0,CSHL053,2020-01-30,0deb75fb-9088-42d9-b744-012fb8fc4afb,probe00,SSp-tr,0.5548320257515661,0.44001381650903737,0.4663644214162349,0.4996614853195164,0.47744363371468146,0.4946872148845208
0,CSHL053,2020-01-30,0deb75fb-9088-42d9-b744-012fb8fc4afb,probe00,SSp-tr,0.5575679870260627,0.44373142400255045,0.46556994818652847,0.49934715025906734,0.47634596598915663,0.49338246674150327
0,CSHL053,2020-01-30,0deb75fb-9088-42d9-b744-012fb8fc4afb,probe00,SSp-tr,0.5523731546873489,0.43446790458649004,0.4683195164075993,0.49898100172711574,0.47726743533401805,0.4927296388736297
0,CSHL053,2020-01-30,0deb75fb-9088-42d9-b744-012fb8fc4afb,probe00,alv,0.36963243250070227,0.4343725728620724,0.43586010362694305,0.5000138169257341,0.4371907616613724,0.49379807255965036
0,CSHL053,2020-01-30,0deb75fb-9088-42d9-b744-012fb8fc4afb,probe00,ccb,0.576419213973799,0.44349364180033807,0.4974093264248704,0.4996735751295337,0.4702106570493683,0.4946266808378514
0,CSHL053,2020-01-30,0deb75fb-9088-42d9-b744-012fb8fc4afb,probe00,cing,0.28515054906512866,0.45179899196544954,0.3747772020725388,0.4988963730569949,0.3048336358642433,0.49432500179130145
0,CSHL053,2020-01-30,0deb75fb-9088-42d9-b744-012fb8fc4afb,probe00,fr,0.32986420210741996,0.4457922649137308,0.413740932642487,0.4997582037996546,0.3466182318660584,0.4945814743605054
0,CSHL053,2020-01-30,0deb75fb-9088-42d9-b744-012fb8fc4afb,probe01,CA,0.305660769791001,0.43710460050625344,0.38724870466321243,0.4993989637305699,0.3586349148534715,0.494703085815281
0,CSHL053,2020-01-30,0deb75fb-9088-42d9-b744-012fb8fc4afb,probe01,CA,0.30027139815198517,0.4468262429065115,0.3879050086355786,0.49905008635578585,0.357166925410208,0.4957203479901598
0,CSHL053,2020-01-30,0deb75fb-9088-42d9-b744-012fb8fc4afb,probe01,CA,0.3047912826718307,0.4416082865262003,0.3894801381692573,0.5000880829015544,0.3593446463970957,0.49509248489335783
0,CSHL053,2020-01-30,0deb75fb-9088-42d9-b744-012fb8fc4afb,probe01,COApm,0.3008288346336965,0.446007091929505,0.4724835924006909,0.49973920552677026,0.4445810981872029,0.4954175284816929
0,CSHL053,2020-01-30,0deb75fb-9088-42d9-b744-012fb8fc4afb,probe01,HPF,0.3490339610241028,0.446251907354186,0.3781571675302245,0.4989948186528497,0.33521096754161794,0.4944051087917075
0,CSHL053,2020-01-30,0deb75fb-9088-42d9-b744-012fb8fc4afb,probe01,PA,0.3634582077197068,0.4504893392718328,0.3675164075993091,0.49806563039723667,0.32921638921397695,0.4942739079032219
0,CSHL053,2020-01-30,0deb75fb-9088-42d9-b744-012fb8fc4afb,probe01,TH,0.2591655088359007,0.44334478408654765,0.48051122625215886,0.5006666666666666,0.5061341386228474,0.49598879839499393
0,CSHL053,2020-01-30,0deb75fb-9088-42d9-b744-012fb8fc4afb,probe01,ZI,0.37297417678965333,0.44461807012234494,0.4346062176165803,0.49935578583765117,0.39827844586687045,0.49441909288495073
0,CSHL053,2020-01-30,0deb75fb-9088-42d9-b744-012fb8fc4afb,probe01,ar,0.5416869435210939,0.44852344426285085,0.4616493955094992,0.49865803108808293,0.38822206166853757,0.494058957701402
0,CSHL053,2020-01-30,0deb75fb-9088-42d9-b744-012fb8fc4afb,probe01,cpd,0.4087300905375124,0.4474275903637955,0.40128324697754747,0.4991571675302245,0.38625755929207767,0.4948410279681865
0,DY_010,2020-01-30,097ba865-f424-49a3-96fb-863506fac3e0,probe00,CA,0.5033680263283585,0.5120413249669541,0.5213151125401929,0.5033890675241157,0.5228491645781118,0.4927780701754385
0,DY_010,2020-01-30,097ba865-f424-49a3-96fb-863506fac3e0,probe00,DG-mo,0.5491122230795685,0.5268968883120383,0.5238456591639872,0.5054340836012862,0.5102786967418546,0.4919215329991645
0,DY_010,2020-01-30,097ba865-f424-49a3-96fb-863506fac3e0,probe00,DG-sg,0.5815592702818717,0.5168696921980657,0.5284694533762058,0.5028681672025723,0.5222905388471178,0.49256023391812864
0,DY_010,2020-01-30,097ba865-f424-49a3-96fb-863506fac3e0,probe00,LP,0.5037391844967652,0.5161616464012623,0.5203536977491963,0.5042668810289389,0.5203850668337511,0.4933280284043442
0,DY_010,2020-01-30,097ba865-f424-49a3-96fb-863506fac3e0,probe00,MB,0.40254205584028974,0.5139072948290612,0.4701864951768489,0.5028135048231511,0.45862439431913116,0.49194644945697574
0,DY_010,2020-01-30,097ba865-f424-49a3-96fb-863506fac3e0,probe00,MGm,0.49920576182399123,0.5090252131763515,0.4868842443729903,0.5027138263665595,0.45781604010025057,0.4931989348370927
0,DY_010,2020-01-30,097ba865-f424-49a3-96fb-863506fac3e0,probe00,PIL,0.5396556386130555,0.517693045423823,0.5426945337620579,0.5039356913183279,0.5798505847953216,0.49200342522974094
0,DY_010,2020-01-30,097ba865-f424-49a3-96fb-863506fac3e0,probe00,PoT,0.09866998918516257,0.5203941883437498,0.4483118971061093,0.5047524115755627,0.42839534252297407,0.49220620300751877
0,DY_010,2020-01-30,097ba865-f424-49a3-96fb-863506fac3e0,probe00,SGN,0.41538031687729465,0.5180164280858719,0.49621864951768485,0.5042250803858521,0.5028445071010861,0.49233241436925645
0,DY_010,2020-01-30,097ba865-f424-49a3-96fb-863506fac3e0,probe00,SPFp,0.31687512882929963,0.5328360863371877,0.4720128617363344,0.5066173633440515,0.5247963032581454,0.4922554511278195
0,DY_010,2020-01-30,097ba865-f424-49a3-96fb-863506fac3e0,probe00,VISp,0.36042627501744434,0.5096258928166572,0.50108038585209,0.5025884244372991,0.5327635964912281,0.4924843567251462
0,DY_010,2020-01-30,097ba865-f424-49a3-96fb-863506fac3e0,probe00,VISp,0.3624358700859491,0.5111454319688511,0.501684887459807,0.5021543408360128,0.5325412907268169,0.4906587510442773
0,DY_010,2020-01-30,097ba865-f424-49a3-96fb-863506fac3e0,probe00,VISp,0.36345438106744904,0.5080053611005485,0.5018585209003216,0.5027556270096463,0.5305341478696741,0.4937435881370092
0,DY_010,2020-01-30,097ba865-f424-49a3-96fb-863506fac3e0,probe00,fp,0.23047150514340553,0.5056473437470577,0.4816237942122186,0.502282958199357,0.4740531328320802,0.49163157894736836
0,ZM_2241,2020-01-29,e49d8ee7-24b9-416a-9d04-9be33b655f40,probe00,CP,0.5369460682500807,0.45341222559163874,0.5146047619047619,0.4861666666666667,0.45296722800471334,0.4950792787706206
0,ZM_2241,2020-01-29,e49d8ee7-24b9-416a-9d04-9be33b655f40,probe00,CTXsp,0.48025999533691555,0.4563473776030792,0.5120595238095237,0.4867404761904762,0.526689144736842,0.4945160791437549
0,ZM_2241,2020-01-29,e49d8ee7-24b9-416a-9d04-9be33b655f40,probe00,PIR,0.6671640480451471,0.44460903021195136,0.5619928571428571,0.4838571428571429,0.46954676453260014,0.4942508960133543
0,DY_010,2020-01-29,02fbb6da-3034-47d6-a61b-7d06c796a830,probe00,CA,0.5334652707116175,0.5054042639630882,0.5170341726618705,0.5023525179856115,0.5081480047025014,0.49447511592972376
0,DY_010,2020-01-29,02fbb6da-3034-47d6-a61b-7d06c796a830,probe00,CA,0.5383033848332677,0.5053909908718959,0.519046762589928,0.5026402877697842,0.5107518712037098,0.49405034942198417
0,DY_010,2020-01-29,02fbb6da-3034-47d6-a61b-7d06c796a830,probe00,DG-mo,0.5269900921067827,0.5001011700024773,0.5023812949640287,0.5027446043165468,0.4933306511658284,0.4948127947227483
0,DY_010,2020-01-29,02fbb6da-3034-47d6-a61b-7d06c796a830,probe00,LP,0.6435295343173932,0.5096367435264914,0.548205035971223,0.5044658273381295,0.5348534060479394,0.49431956763111484
0,DY_010,2020-01-29,02fbb6da-3034-47d6-a61b-7d06c796a830,probe00,PO,0.5940531889837112,0.5015460908379805,0.5387158273381294,0.502455035971223,0.5284214421004506,0.49454812879629023
0,DY_010,2020-01-29,02fbb6da-3034-47d6-a61b-7d06c796a830,probe00,VISa,0.3290761924512723,0.5050457999383391,0.4649460431654676,0.5034838129496403,0.4828048984390308,0.4945668800209
0,DY_010,2020-01-29,02fbb6da-3034-47d6-a61b-7d06c796a830,probe00,VISa,0.31933786835436495,0.5020241465142241,0.4635431654676259,0.5035395683453238,0.48319471621709886,0.49514466070145646
0,DY_010,2020-01-29,02fbb6da-3034-47d6-a61b-7d06c796a830,probe00,VISa,0.3271776501042926,0.5038059248676672,0.46477338129496404,0.5039262589928057,0.48409667559271113,0.49529715890536213
0,DY_010,2020-01-29,02fbb6da-3034-47d6-a61b-7d06c796a830,probe00,VISa,0.3259053416534791,0.498922776034987,0.46341906474820144,0.5018021582733813,0.4827890013715629,0.49312135066292206
0,DY_010,2020-01-29,02fbb6da-3034-47d6-a61b-7d06c796a830,probe00,ccs,0.5006948549643433,0.5044655658412494,0.5255809352517986,0.5036960431654677,0.528029129384103,0.49420438900137165
0,ZM_2241,2020-01-28,465c44bd-2e67-4112-977b-36e1ac7e3f8c,probe00,AMd,0.3648881358469587,0.38273196180022784,0.4882258883248732,0.510007614213198,0.4552169099276791,0.4924941222879684
0,ZM_2241,2020-01-28,465c44bd-2e67-4112-977b-36e1ac7e3f8c,probe00,AV,0.39869224950191223,0.38739863340264463,0.5110812182741117,0.510753807106599,0.49165598948060485,0.4946755687047995
0,ZM_2241,2020-01-28,465c44bd-2e67-4112-977b-36e1ac7e3f8c,probe00,LD,0.4098455083125358,0.39372501395767273,0.48724619289340104,0.5066725888324873,0.46792415516107827,0.4913903747534517
0,ZM_2241,2020-01-28,465c44bd-2e67-4112-977b-36e1ac7e3f8c,probe00,SSp-ll,0.2732867888181207,0.36629101197906866,0.5441294416243654,0.511774111675127,0.47932537804076264,0.4905737409598948
0,ZM_2241,2020-01-28,465c44bd-2e67-4112-977b-36e1ac7e3f8c,probe00,SSp-ll,0.26936817354285314,0.38638160066116284,0.5466421319796954,0.5085913705583757,0.4791119526627219,0.49155259697567394
0,ZM_2241,2020-01-28,465c44bd-2e67-4112-977b-36e1ac7e3f8c,probe00,SSp-ll,0.27393765885920407,0.38234191143750856,0.5415507614213199,0.5111548223350254,0.47576694280078896,0.4923445233399079
0,ZM_2241,2020-01-28,465c44bd-2e67-4112-977b-36e1ac7e3f8c,probe00,SSp-ll,0.2695482959584307,0.3822332063183021,0.5435558375634518,0.5121218274111675,0.4761394477317554,0.4939918606180145
0,ZM_2241,2020-01-28,465c44bd-2e67-4112-977b-36e1ac7e3f8c,probe00,SSp-ll,0.2766129107038511,0.3773465451025262,0.5437588832487311,0.5116472081218274,0.4794149243918474,0.4929873372781065
0,ZM_2241,2020-01-28,465c44bd-2e67-4112-977b-36e1ac7e3f8c,probe01,ACB,0.31147786599455,0.4195570286456339,0.5318451776649747,0.495010152284264,0.5068704667981591,0.49430612754766606
0,ZM_2241,2020-01-28,465c44bd-2e67-4112-977b-36e1ac7e3f8c,probe01,CP,0.3764306948837927,0.4238777858785777,0.5077842639593908,0.4954670050761421,0.4869858382642998,0.49576991452991453
0,ZM_2241,2020-01-28,465c44bd-2e67-4112-977b-36e1ac7e3f8c,probe01,OT,0.39531509511851426,0.41894676986404467,0.5008553299492385,0.4950736040609137,0.493100473372781,0.4947228007889546
0,ZM_2241,2020-01-28,465c44bd-2e67-4112-977b-36e1ac7e3f8c,probe01,SI,0.11109522551612407,0.43055964828484733,0.569236040609137,0.4938248730964467,0.5279833662064431,0.4960310453648915
0,DY_010,2020-01-28,931a70ae-90ee-448e-bedb-9d41f3eda647,probe00,CA,0.34467288578184285,0.45633798529696223,0.4404793187347932,0.4988199513381995,0.38612755754475697,0.4935423534147959
0,DY_010,2020-01-28,931a70ae-90ee-448e-bedb-9d41f3eda647,probe00,CA,0.34273262267025034,0.456019890927449,0.4381557177615572,0.49922141119221414,0.38435090461305293,0.4931426423226295
0,DY_010,2020-01-28,931a70ae-90ee-448e-bedb-9d41f3eda647,probe00,DG-mo,0.30510915273949263,0.44247776254168175,0.39053284671532845,0.4980778588807786,0.3193105167187648,0.49320077910391213
0,DY_010,2020-01-28,931a70ae-90ee-448e-bedb-9d41f3eda647,probe00,LGd-co,0.3987987460572111,0.45254471240317745,0.491301703163017,0.4999440389294404,0.4998210192289476,0.49600337453822113
0,DY_010,2020-01-28,931a70ae-90ee-448e-bedb-9d41f3eda647,probe00,LGd-sh,0.36248153607458233,0.4444157809502404,0.3730778588807786,0.4988321167883212,0.3183911741024913,0.493671533105996
0,DY_010,2020-01-28,931a70ae-90ee-448e-bedb-9d41f3eda647,probe00,VISrl,0.49036868490268454,0.44004305514745645,0.4795377128953771,0.49827737226277374,0.48179727905655023,0.4940268897414038
0,DY_010,2020-01-28,931a70ae-90ee-448e-bedb-9d41f3eda647,probe00,VISrl,0.47498424039909853,0.45864531398456393,0.47523600973236013,0.4994476885644769,0.4824524604527801,0.49532889315146356
0,DY_010,2020-01-28,931a70ae-90ee-448e-bedb-9d41f3eda647,probe00,VISrl,0.4898754351174658,0.45223116557696547,0.48041119221411194,0.4985377128953771,0.4855493511414227,0.49429832101922894
0,DY_010,2020-01-28,931a70ae-90ee-448e-bedb-9d41f3eda647,probe00,VISrl,0.48812233837779395,0.442238187348415,0.48163746958637466,0.5006107055961071,0.48312341337501186,0.49575940134507906
0,DY_010,2020-01-28,931a70ae-90ee-448e-bedb-9d41f3eda647,probe00,VISrl,0.4877472752807899,0.4558735835200271,0.4768029197080292,0.49911435523114356,0.48034447522970536,0.49457201382968646
0,DY_010,2020-01-28,931a70ae-90ee-448e-bedb-9d41f3eda647,probe00,VISrl,0.47752876345776174,0.44788586476932823,0.4745085158150852,0.4990097323600974,0.48043734015345274,0.4936087311736288
0,DY_010,2020-01-28,931a70ae-90ee-448e-bedb-9d41f3eda647,probe00,bsc,0.6297534952523056,0.4690085233163514,0.48424087591240866,0.500661800486618,0.5156583546462064,0.49608727621483384
0,DY_010,2020-01-28,931a70ae-90ee-448e-bedb-9d41f3eda647,probe00,void,0.46094832077316494,0.4518293560622085,0.47245012165450123,0.49959610705596114,0.44669066732973384,0.49355967604433076
0,CSHL047,2020-01-27,1538493d-226a-46f7-b428-59ce5f43f0f9,probe00,CA,0.5590960096239578,0.5565469764270272,0.5252847124824684,0.5209593267882188,0.5098995350767953,0.4945018264840183
0,CSHL047,2020-01-27,1538493d-226a-46f7-b428-59ce5f43f0f9,probe00,DG-sg,0.6291657623190412,0.5521856277817813,0.5490448807854137,0.5199509116409536,0.49957587380655877,0.4950758779576588
0,CSHL047,2020-01-27,1538493d-226a-46f7-b428-59ce5f43f0f9,probe00,VISl,0.5113065000596881,0.5549790111925391,0.5041570827489481,0.5214081346423561,0.4829770734744708,0.49540567870485674
0,CSHL047,2020-01-27,1538493d-226a-46f7-b428-59ce5f43f0f9,probe00,VISl,0.5264320777483642,0.5569316785684598,0.5100224403927069,0.5216409537166901,0.4834358904109589,0.4941847488584475
0,CSHL047,2020-01-27,1538493d-226a-46f7-b428-59ce5f43f0f9,probe00,VISl,0.5228057995715005,0.5290185128782152,0.508671809256662,0.5120532959326788,0.48372458281444586,0.4928766085512661
0,CSHL047,2020-01-27,1538493d-226a-46f7-b428-59ce5f43f0f9,probe00,VISl,0.5186526993207394,0.5433638501012347,0.5079607293127629,0.517273492286115,0.4860372395184724,0.4959528102947281
0,CSHL047,2020-01-27,1538493d-226a-46f7-b428-59ce5f43f0f9,probe00,VISl,0.5289481048814577,0.5480085222028983,0.5088737727910239,0.518422159887798,0.4814615566625156,0.49521699460356994
0,CSHL047,2020-01-27,1538493d-226a-46f7-b428-59ce5f43f0f9,probe00,VISl,0.5295736810962408,0.5440585597815389,0.5097755960729313,0.5170084151472651,0.48413522623495225,0.49555731008717313
0,CSHL047,2020-01-27,1538493d-226a-46f7-b428-59ce5f43f0f9,probe01,ENTl,0.4979474843893278,0.5479107672628828,0.5044403927068724,0.5201444600280505,0.501056305520963,0.4953698256537983
0,CSHL047,2020-01-27,1538493d-226a-46f7-b428-59ce5f43f0f9,probe01,ENTl,0.4804092362747589,0.5512450338576823,0.4982454417952314,0.5204025245441796,0.5038540514736405,0.49584149854711496
0,CSHL047,2020-01-27,1538493d-226a-46f7-b428-59ce5f43f0f9,probe01,ENTl,0.4778136065077991,0.5472630821296975,0.4965904628330996,0.5185273492286114,0.5015443212951433,0.4943254420921544
0,CSHL047,2020-01-27,1538493d-226a-46f7-b428-59ce5f43f0f9,probe01,ENTl,0.48502156447445877,0.5659148198118596,0.49958485273492287,0.5254460028050492,0.5021538148609381,0.49474804898298047
0,CSHL047,2020-01-27,1538493d-226a-46f7-b428-59ce5f43f0f9,probe01,SUB,0.6736431860347271,0.563517327160003,0.5643492286115007,0.5243450210378682,0.4909468493150685,0.496272200083022
0,CSHL047,2020-01-27,1538493d-226a-46f7-b428-59ce5f43f0f9,probe01,VISl,0.44421653914044723,0.5591779449081505,0.4879046283309958,0.5219677419354839,0.5016246450809464,0.49367713158987137
0,CSHL047,2020-01-27,1538493d-226a-46f7-b428-59ce5f43f0f9,probe01,VISli,0.6745962193391295,0.5554050122585775,0.555194950911641,0.520774193548387,0.48472564549605646,0.4950139643005397
0,CSHL047,2020-01-27,1538493d-226a-46f7-b428-59ce5f43f0f9,probe01,VISli,0.6738908939738396,0.5648236080944633,0.5547882187938289,0.5249467040673212,0.48460647571606474,0.49674683686176835
0,CSHL047,2020-01-27,1538493d-226a-46f7-b428-59ce5f43f0f9,probe01,VISpor,0.5643548627053283,0.554407499160842,0.5129158485273492,0.52190603085554,0.4921902532171025,0.4953535450394354
0,CSHL047,2020-01-27,1538493d-226a-46f7-b428-59ce5f43f0f9,probe01,VISpor,0.5701545423530984,0.5623394662859358,0.5164165497896213,0.5234642356241234,0.49425475716064754,0.49505708592777087
0,CSHL047,2020-01-27,1538493d-226a-46f7-b428-59ce5f43f0f9,probe01,alv,0.6250315729426107,0.5603312019627225,0.5339873772791025,0.5239242636746143,0.476043196347032,0.49489284765462843
0,CSHL047,2020-01-27,1538493d-226a-46f7-b428-59ce5f43f0f9,probe01,ec,0.691428565618412,0.5483263183448955,0.5692468443197756,0.5193913043478261,0.4938054130344541,0.49568904109589046
0,CSHL047,2020-01-27,1538493d-226a-46f7-b428-59ce5f43f0f9,probe01,or,0.7172235153746204,0.551126908553975,0.5818499298737729,0.5214880785413745,0.47140972602739734,0.49499816936488167
0,DY_010,2020-01-27,b03fbc44-3d8e-4a6c-8a50-5ea3498568e0,probe00,CA,0.4728210586659461,0.35183010840879986,0.49418387096774186,0.5204806451612903,0.5609271511447678,0.4915877064788982
0,DY_010,2020-01-27,b03fbc44-3d8e-4a6c-8a50-5ea3498568e0,probe00,DG-mo,0.5398201799399628,0.35521083907827994,0.5523096774193548,0.5201354838709678,0.6066638102829812,0.49295531641645635
0,DY_010,2020-01-27,b03fbc44-3d8e-4a6c-8a50-5ea3498568e0,probe00,DG-po,0.5662344437927468,0.3556922226611383,0.5465516129032257,0.5178612903225807,0.661789402595102,0.4915220760816616
0,DY_010,2020-01-27,b03fbc44-3d8e-4a6c-8a50-5ea3498568e0,probe00,DG-sg,0.572209818194639,0.3555910554970609,0.5342645161290323,0.5172451612903226,0.5914783889110314,0.48969082414419207
0,DY_010,2020-01-27,b03fbc44-3d8e-4a6c-8a50-5ea3498568e0,probe00,Eth,0.48971386325528105,0.3567362637112693,0.5568322580645162,0.5198419354838709,0.5713470838315398,0.4913618750276782
0,DY_010,2020-01-27,b03fbc44-3d8e-4a6c-8a50-5ea3498568e0,probe00,LP,0.4604273483691693,0.34822784306446536,0.4455290322580645,0.5199483870967742,0.45346685266374387,0.4873483016695452
0,DY_010,2020-01-27,b03fbc44-3d8e-4a6c-8a50-5ea3498568e0,probe00,PO,0.484126575924503,0.3541781910491412,0.5000741935483871,0.5201548387096775,0.5298480581019441,0.4914304725211461
0,DY_010,2020-01-26,1c27fd32-e872-4284-b9a5-7079453f4cbc,probe00,CA,0.2198779253806145,0.4084619026545235,0.4483870967741935,0.5039032258064516,0.3245155689633349,0.4922750516855829
0,DY_010,2020-01-26,1c27fd32-e872-4284-b9a5-7079453f4cbc,probe00,CA,0.22095473334265514,0.4149907828179175,0.44390967741935483,0.5024032258064516,0.322139150246825,0.49325249989451925
0,DY_010,2020-01-26,1c27fd32-e872-4284-b9a5-7079453f4cbc,probe00,LGd-co,0.2097076825968723,0.40546192371339024,0.4288387096774193,0.505974193548387,0.27792808320324036,0.4940865786253745
0,DY_010,2020-01-26,1c27fd32-e872-4284-b9a5-7079453f4cbc,probe00,LGd-sh,0.390880149038004,0.41281723460294767,0.4458677419354839,0.5006870967741935,0.3309801274207839,0.4914009324501076
0,DY_010,2020-01-26,1c27fd32-e872-4284-b9a5-7079453f4cbc,probe00,VISrl,0.3042130084503734,0.4148654492330866,0.5372129032258065,0.5008935483870968,0.4924016075271086,0.49215383317159617
0,DY_010,2020-01-26,1c27fd32-e872-4284-b9a5-7079453f4cbc,probe00,VISrl,0.3229002812598459,0.4139934416659082,0.5491935483870968,0.5030903225806451,0.5185767689127042,0.4938075819585672
0,DY_010,2020-01-26,1c27fd32-e872-4284-b9a5-7079453f4cbc,probe00,VISrl,0.3110313683165892,0.41344015182815425,0.5408322580645161,0.5026451612903226,0.5046182439559512,0.49167368465465594
0,DY_010,2020-01-26,1c27fd32-e872-4284-b9a5-7079453f4cbc,probe00,VISrl,0.31587833744465754,0.41209425432386093,0.5432322580645161,0.5025451612903226,0.5020406733893085,0.49304978692882157
0,DY_010,2020-01-26,1c27fd32-e872-4284-b9a5-7079453f4cbc,probe00,VISrl,0.3194076717596357,0.40827326004190206,0.5415838709677419,0.5031806451612904,0.5020988354921734,0.4938723260621914
0,DY_010,2020-01-26,1c27fd32-e872-4284-b9a5-7079453f4cbc,probe00,VISrl,0.31388428657750445,0.40979347935715416,0.542358064516129,0.502816129032258,0.5027825619172187,0.49338614404455505
0,DY_010,2020-01-26,1c27fd32-e872-4284-b9a5-7079453f4cbc,probe00,VPL,0.3303246204732793,0.4084413014926143,0.3441193548387097,0.5027806451612904,0.3101912577528375,0.49315288384456357
0,DY_010,2020-01-26,1c27fd32-e872-4284-b9a5-7079453f4cbc,probe00,ZI,0.6327944572748267,0.4093991751893185,0.4870967741935485,0.5014516129032258,0.4986709421543394,0.4918157883633602
0,DY_010,2020-01-26,1c27fd32-e872-4284-b9a5-7079453f4cbc,probe00,ar,0.22008452190160113,0.40580030787537275,0.3852806451612903,0.5044193548387097,0.2628973671996962,0.4940104004050462
0,DY_010,2020-01-26,1c27fd32-e872-4284-b9a5-7079453f4cbc,probe00,or,0.5986148148895497,0.41003532323823005,0.522541935483871,0.5021612903225807,0.49288886544871524,0.4932348846040252
0,SWC_015,2020-01-24,994df46a-6e5f-472d-96dd-0d86e76a8107,probe00,ACB,0.6573643410852712,0.42154815972852244,0.5357142857142857,0.5007079831932773,0.5585509242095227,0.4968754214995674
0,SWC_015,2020-01-24,994df46a-6e5f-472d-96dd-0d86e76a8107,probe01,MOs,0.6669267709188071,0.41711348233124096,0.5070294117647058,0.5012373949579831,0.5943852108821919,0.4943452235933831
0,SWC_015,2020-01-24,994df46a-6e5f-472d-96dd-0d86e76a8107,probe01,MOs,0.666716531892243,0.41297642293694353,0.5073991596638655,0.5010483193277311,0.5950745105308688,0.4933461327966386
0,SWC_015,2020-01-24,994df46a-6e5f-472d-96dd-0d86e76a8107,probe01,RSPv,0.6663478416337234,0.40747687705251073,0.5033256302521009,0.5006596638655463,0.5234418198188655,0.49339853115124555
0,SWC_015,2020-01-24,994df46a-6e5f-472d-96dd-0d86e76a8107,probe01,void,0.6562631641594012,0.41779877969147355,0.5130693277310924,0.5011218487394958,0.5380307981568774,0.4945159331250111
0,DY_010,2020-01-24,bb6a5aae-2431-401d-8f6a-9fdd6de655a9,probe00,CA,0.5810712770928187,0.4653947130149867,0.49736335403726706,0.49799068322981366,0.43709403572393046,0.49261320936692254
0,DY_010,2020-01-24,bb6a5aae-2431-401d-8f6a-9fdd6de655a9,probe00,DG-mo,0.467941173588359,0.460551666587363,0.539670807453416,0.4991335403726708,0.5748169437907489,0.4934283785347787
0,DY_010,2020-01-24,bb6a5aae-2431-401d-8f6a-9fdd6de655a9,probe00,DG-sg,0.5214161520361867,0.46208422236329966,0.5024440993788819,0.4992857142857143,0.49253528027468074,0.49369326029088384
0,DY_010,2020-01-24,bb6a5aae-2431-401d-8f6a-9fdd6de655a9,probe00,LH,0.5601645354937216,0.4603457437990853,0.473108695652174,0.4986428571428571,0.39482876818024,0.4924066008255854
0,DY_010,2020-01-24,bb6a5aae-2431-401d-8f6a-9fdd6de655a9,probe00,MD,0.40479661986784277,0.4694451964289448,0.4362857142857143,0.4991832298136646,0.40189853786505153,0.4926267698005478
0,DY_010,2020-01-24,bb6a5aae-2431-401d-8f6a-9fdd6de655a9,probe00,RSPagl,0.6561500782080422,0.4647723295418001,0.5539813664596274,0.4975465838509317,0.5916150804367116,0.49146144053084373
0,DY_010,2020-01-24,bb6a5aae-2431-401d-8f6a-9fdd6de655a9,probe00,RSPagl,0.6578293585012558,0.4567528220093775,0.5552267080745341,0.4979968944099379,0.5928746383241388,0.4924839512364492
0,DY_010,2020-01-24,bb6a5aae-2431-401d-8f6a-9fdd6de655a9,probe00,ccb,0.448753462603878,0.461506808347786,0.3819875776397516,0.4978198757763975,0.3816982369507348,0.4908370433239458
0,ZM_2240,2020-01-24,193fe7a8-4eb5-4f3e-815a-0c45864ddd77,probe00,CA,0.46124983776133616,0.5486808303868065,0.4843729128014842,0.5219814471243043,0.4764478533665532,0.49373268108896445
0,ZM_2240,2020-01-24,193fe7a8-4eb5-4f3e-815a-0c45864ddd77,probe00,RSPv,0.5281407573297595,0.5489842697779991,0.5045194805194806,0.5206808905380333,0.4943788207948469,0.495077243862421
0,ZM_2240,2020-01-24,193fe7a8-4eb5-4f3e-815a-0c45864ddd77,probe00,RSPv,0.5420490388260013,0.5466502645938274,0.5081335807050094,0.5203821892393321,0.49233381441419544,0.49444972198590176
0,ZM_2240,2020-01-24,193fe7a8-4eb5-4f3e-815a-0c45864ddd77,probe00,SPA,0.5829019226393952,0.5466377651664233,0.5439257884972172,0.5207643784786642,0.5007382565629557,0.49466341304083616
0,ZM_2240,2020-01-24,193fe7a8-4eb5-4f3e-815a-0c45864ddd77,probe00,ccs,0.6161686146471337,0.5594249866441897,0.5527996289424861,0.5262560296846012,0.48954032723626645,0.49557535245503165
0,ZM_2240,2020-01-24,193fe7a8-4eb5-4f3e-815a-0c45864ddd77,probe00,cing,0.27385628387586597,0.5559388860695735,0.4273729128014842,0.5241762523191094,0.547956041869227,0.49482479035002425
0,ZM_2240,2020-01-24,193fe7a8-4eb5-4f3e-815a-0c45864ddd77,probe00,dhc,0.7936507936507938,0.5584810676849081,0.686456400742115,0.5244582560296847,0.5653864851725815,0.49455246566601846
0,SWC_015,2020-01-23,629f25be-1b05-44d0-bcac-e8c40701d5f4,probe00,CP,0.28299332022004875,0.41518692482179015,0.49877991452991455,0.5003995726495727,0.49737497945092884,0.4942878696549583
0,SWC_015,2020-01-23,629f25be-1b05-44d0-bcac-e8c40701d5f4,probe00,MOs,0.5919966676942221,0.419220126839571,0.5408055555555554,0.5005598290598291,0.591670411164082,0.49460673644217945
0,SWC_015,2020-01-23,629f25be-1b05-44d0-bcac-e8c40701d5f4,probe00,MOs,0.5936850999126564,0.41998991288385595,0.5405619658119658,0.500517094017094,0.590777677315652,0.49518606498986245
0,SWC_015,2020-01-23,629f25be-1b05-44d0-bcac-e8c40701d5f4,probe00,fa,0.13705057440561763,0.4088238455511773,0.508542735042735,0.5007179487179487,0.46904831314957895,0.49613605311706577
0,SWC_015,2020-01-23,629f25be-1b05-44d0-bcac-e8c40701d5f4,probe01,CA,0.3950093721540329,0.41466546260623144,0.4713525641025641,0.5004273504273504,0.4290122107147424,0.49433195426233395
0,SWC_015,2020-01-23,629f25be-1b05-44d0-bcac-e8c40701d5f4,probe01,LD,0.406026517976492,0.4015489108038136,0.49422649572649574,0.5000961538461538,0.49231525928361375,0.49344349462070974
0,SWC_015,2020-01-23,629f25be-1b05-44d0-bcac-e8c40701d5f4,probe01,SSp-ll,0.252545432828058,0.4052870252101102,0.4740705128205128,0.5003376068376069,0.44122214915885805,0.49436204723546495
0,SWC_015,2020-01-23,629f25be-1b05-44d0-bcac-e8c40701d5f4,probe01,SSp-ll,0.2521527961832835,0.40542695521796385,0.4743632478632479,0.4997521367521367,0.44084497780700316,0.49335627522969294
0,SWC_015,2020-01-23,629f25be-1b05-44d0-bcac-e8c40701d5f4,probe01,SSp-ll,0.2520794420960913,0.4054697187791861,0.4739957264957266,0.5009059829059829,0.4409751858549327,0.49417675854384707
0,SWC_015,2020-01-23,629f25be-1b05-44d0-bcac-e8c40701d5f4,probe01,alv,0.26900584795321647,0.4174144155619888,0.4658119658119659,0.5010833333333333,0.43961312948654724,0.49423355617659415
0,SWC_015,2020-01-23,629f25be-1b05-44d0-bcac-e8c40701d5f4,probe01,fi,0.21143963404137422,0.41139923370168086,0.4738504273504274,0.5005961538461539,0.4048628144007891,0.4944122508995927
0,SWC_015,2020-01-23,629f25be-1b05-44d0-bcac-e8c40701d5f4,probe01,void,0.21968462817895446,0.41420226291926404,0.4781623931623932,0.5009380341880342,0.448191864394396,0.49401929786107
0,ZM_2240,2020-01-23,510b1a50-825d-44ce-86f6-9678f5396e02,probe00,CA,0.6229582948431808,0.5693854804814271,0.5454030456852792,0.5157086294416243,0.5249448962916404,0.49429952021789236
0,ZM_2240,2020-01-23,510b1a50-825d-44ce-86f6-9678f5396e02,probe00,CA,0.6226799153713224,0.5686191704421223,0.5457736040609136,0.5160862944162437,0.5248182778126964,0.4952733500942803
0,ZM_2240,2020-01-23,510b1a50-825d-44ce-86f6-9678f5396e02,probe00,CM,0.5946204314436757,0.5708523998374708,0.5349928934010152,0.5168162436548223,0.5194415001047559,0.49618442698512466
0,ZM_2240,2020-01-23,510b1a50-825d-44ce-86f6-9678f5396e02,probe00,DG-mo,0.44481819975795855,0.5705592695951971,0.48521218274111677,0.5155715736040608,0.4784086444584119,0.4949172637754033
0,ZM_2240,2020-01-23,510b1a50-825d-44ce-86f6-9678f5396e02,probe00,DG-po,0.6187947088471389,0.5651908370397445,0.5369918781725889,0.5159096446700507,0.5228343138487325,0.4961175927089881
0,ZM_2240,2020-01-23,510b1a50-825d-44ce-86f6-9678f5396e02,probe00,DG-sg,0.5359798059001905,0.5733787923492344,0.5076436548223351,0.5171187817258883,0.5087270039807249,0.4959722878692646
0,ZM_2240,2020-01-23,510b1a50-825d-44ce-86f6-9678f5396e02,probe00,LH,0.6526077809065167,0.5742778532142645,0.5393736040609137,0.5169939086294416,0.4920860318457993,0.4948082526712759
0,ZM_2240,2020-01-23,510b1a50-825d-44ce-86f6-9678f5396e02,probe00,MD,0.6026965274048162,0.5743548447662866,0.5297482233502537,0.5168791878172588,0.516709932956212,0.49503885187513097
0,ZM_2240,2020-01-23,510b1a50-825d-44ce-86f6-9678f5396e02,probe00,RH,0.3492543807489555,0.5712942294086178,0.48936142131979693,0.5169725888324873,0.5242866603813116,0.4950116425728054
0,ZM_2240,2020-01-23,510b1a50-825d-44ce-86f6-9678f5396e02,probe00,RSPagl,0.5102612432499918,0.5757058073723959,0.5213177664974619,0.5163786802030457,0.5328226943222293,0.4934401613241148
0,ZM_2240,2020-01-23,510b1a50-825d-44ce-86f6-9678f5396e02,probe00,RSPagl,0.5091677041063993,0.5762900440567608,0.5211868020304569,0.5171065989847716,0.5324795767860885,0.4942109428032684
0,ZM_2240,2020-01-23,510b1a50-825d-44ce-86f6-9678f5396e02,probe00,SSp-tr,0.6228515554132855,0.5659123910364279,0.5458974619289341,0.515472081218274,0.5270685836999791,0.49594224596689707
0,ZM_2240,2020-01-23,510b1a50-825d-44ce-86f6-9678f5396e02,probe00,SSp-tr,0.631955666945018,0.5719725864967686,0.5490802030456853,0.5169522842639594,0.5298968636077939,0.49494225434737066
0,ZM_2240,2020-01-23,510b1a50-825d-44ce-86f6-9678f5396e02,probe00,SSp-tr,0.6286560637519458,0.5664294896502023,0.5477035532994924,0.515151269035533,0.5290306201550388,0.4946448900062853
0,NYU-12,2020-01-23,032ffcdf-7692-40b3-b9ff-8def1fc18b2e,probe00,MB,0.38572101592794183,0.5385293911289956,0.4604732510288066,0.5140905349794239,0.485843122350795,0.4920950673367553
0,NYU-12,2020-01-23,032ffcdf-7692-40b3-b9ff-8def1fc18b2e,probe00,NB,0.4578934444116902,0.5208780176717946,0.4735576131687243,0.5087818930041152,0.4702836191941051,0.49243679466313733
0,NYU-12,2020-01-23,032ffcdf-7692-40b3-b9ff-8def1fc18b2e,probe00,NLL,0.460279065072415,0.5152079990580897,0.4863353909465021,0.5071255144032922,0.5124281115304132,0.4928010838266592
0,NYU-12,2020-01-23,032ffcdf-7692-40b3-b9ff-8def1fc18b2e,probe00,POST,0.6571217924544736,0.5374026510954867,0.5474958847736626,0.5140534979423868,0.480293402249924,0.4936263212490834
0,NYU-12,2020-01-23,032ffcdf-7692-40b3-b9ff-8def1fc18b2e,probe01,CA,0.5618745396915229,0.5430561906240601,0.5235967078189301,0.5147386831275719,0.5116065673456978,0.49482221486952943
0,NYU-12,2020-01-23,032ffcdf-7692-40b3-b9ff-8def1fc18b2e,probe01,CA,0.566357887815343,0.531053239948369,0.526977366255144,0.5104958847736625,0.5111453597553341,0.4944104412211829
0,NYU-12,2020-01-23,032ffcdf-7692-40b3-b9ff-8def1fc18b2e,probe01,CA,0.5669915494506201,0.5338704344753856,0.5264279835390946,0.5115185185185186,0.5131074615921164,0.49467985083969734
0,NYU-12,2020-01-23,032ffcdf-7692-40b3-b9ff-8def1fc18b2e,probe01,COApl,0.35213498858535547,0.5443228486112447,0.47219547325102873,0.5155864197530864,0.5595885214529716,0.4941814604832508
0,NYU-12,2020-01-23,032ffcdf-7692-40b3-b9ff-8def1fc18b2e,probe01,COApm,0.5917912692463193,0.5411715524876249,0.5300555555555555,0.5136419753086421,0.4738784987391126,0.49319550909448606
0,NYU-12,2020-01-23,032ffcdf-7692-40b3-b9ff-8def1fc18b2e,probe01,PA,0.34468660742621615,0.5257656089967109,0.4628004115226338,0.5085473251028807,0.5234667966304796,0.4940974281473003
0,DY_010,2020-01-23,90d1e82c-c96f-496c-ad4e-ee3f02067f25,probe00,MB,0.663739798131158,0.5518827925184061,0.5443028953229399,0.5184209354120267,0.4702674876434615,0.4922260304096507
0,DY_010,2020-01-23,90d1e82c-c96f-496c-ad4e-ee3f02067f25,probe00,MRN,0.5468646666005319,0.5432698944772542,0.5183340757238306,0.5157483296213808,0.5044578830526933,0.49240207966825833
0,DY_010,2020-01-23,90d1e82c-c96f-496c-ad4e-ee3f02067f25,probe00,POST,0.6758610199224108,0.5386971568625527,0.5658752783964365,0.5151648106904232,0.5064303635754377,0.4950158017089721
0,DY_010,2020-01-23,90d1e82c-c96f-496c-ad4e-ee3f02067f25,probe00,SCiw,0.510457609920368,0.5515068354953315,0.48869933184855235,0.5183518930957685,0.48911419326463934,0.49351219946385194
0,DY_010,2020-01-23,90d1e82c-c96f-496c-ad4e-ee3f02067f25,probe00,SNc,0.5222535002737325,0.5455950461261356,0.5119554565701558,0.5175300668151449,0.4767085427661892,0.49462083228616904
0,DY_010,2020-01-23,90d1e82c-c96f-496c-ad4e-ee3f02067f25,probe00,SNr,0.5233073535050108,0.5483487076946112,0.5138017817371938,0.5183340757238306,0.4811809081008629,0.4942019037446595
0,DY_010,2020-01-23,90d1e82c-c96f-496c-ad4e-ee3f02067f25,probe00,SUB,0.4325953873369443,0.564261549386659,0.48900445434298445,0.5232182628062361,0.522907367847868,0.49234122895199794
0,SWC_015,2020-01-22,a9272cce-6914-4b45-a05f-9e925b4c472a,probe00,CA,0.5425920703366913,0.41165027720051156,0.4541294851794072,0.5003744149765991,0.3908840624939047,0.49569685872554564
0,SWC_015,2020-01-22,a9272cce-6914-4b45-a05f-9e925b4c472a,probe00,CA,0.5344765135527657,0.4231937279207103,0.4530171606864275,0.4995709828393135,0.38890543505822234,0.49464200101425815
0,SWC_015,2020-01-22,a9272cce-6914-4b45-a05f-9e925b4c472a,probe00,CA,0.5359713194111518,0.425109699386697,0.4535382215288612,0.4995335413416536,0.38778619633696776,0.49446273576625255
0,SWC_015,2020-01-22,a9272cce-6914-4b45-a05f-9e925b4c472a,probe00,RT,0.3019841299751794,0.40804103089047195,0.3856365054602184,0.501241809672387,0.3874813532544033,0.49468457547445827
0,SWC_015,2020-01-22,a9272cce-6914-4b45-a05f-9e925b4c472a,probe00,VPL,0.474171915010033,0.4088807931029279,0.4540904836193448,0.4998876755070203,0.40737643605297547,0.4940001365347481
0,SWC_015,2020-01-22,a9272cce-6914-4b45-a05f-9e925b4c472a,probe00,VPM,0.3928330246923431,0.4178307429857815,0.4488892355694228,0.4990748829953198,0.4178149515301644,0.494010244982348
0,SWC_015,2020-01-22,a9272cce-6914-4b45-a05f-9e925b4c472a,probe00,int,0.3297711967047219,0.4235208762252012,0.489,0.49978471138845554,0.4454712789404904,0.4947674228091049
0,SWC_015,2020-01-22,a9272cce-6914-4b45-a05f-9e925b4c472a,probe00,opt,0.24445897025146643,0.422315206344004,0.4812137285491419,0.49938845553822153,0.41597366829858196,0.4951566151085451
0,SWC_015,2020-01-22,a9272cce-6914-4b45-a05f-9e925b4c472a,probe01,ILA,0.3493509861266414,0.4120690494360989,0.4829344773790952,0.5006396255850234,0.3820623963798787,0.4970066999551386
0,SWC_015,2020-01-22,a9272cce-6914-4b45-a05f-9e925b4c472a,probe01,LSr,0.32781636975699063,0.4240826313531676,0.5154945397815912,0.4998003120124805,0.47046099982445533,0.49637612884979226
0,SWC_015,2020-01-22,a9272cce-6914-4b45-a05f-9e925b4c472a,probe01,PL,0.43045725273412083,0.4283477538594127,0.4688627145085803,0.4993603744149766,0.42945890791706487,0.49564921297470205
0,SWC_015,2020-01-22,a9272cce-6914-4b45-a05f-9e925b4c472a,probe01,PL,0.4124121701697021,0.40895152595955014,0.46852730109204366,0.5013993759750389,0.426337738204373,0.49742182898047554
0,SWC_015,2020-01-22,a9272cce-6914-4b45-a05f-9e925b4c472a,probe01,STR,0.5795829854987428,0.4176716145015251,0.47021528861154444,0.49959438377535104,0.42227330843199595,0.49626927578068614
0,SWC_015,2020-01-22,a9272cce-6914-4b45-a05f-9e925b4c472a,probe01,TTd,0.43677691704130295,0.42528055936944975,0.5033666146645867,0.5000358814352575,0.49909490627864783,0.4968401860773567
0,NYU-12,2020-01-22,a8a8af78-16de-4841-ab07-fde4b5281a03,probe00,CA,0.3250586612375539,0.4644456078485163,0.46035294117647063,0.49968409586056645,0.46806023622047244,0.4945859035913194
0,NYU-12,2020-01-22,a8a8af78-16de-4841-ab07-fde4b5281a03,probe00,CA,0.323373826897217,0.4748184607074089,0.4609716775599129,0.5016143790849673,0.468364864605339,0.4958603130401383
0,NYU-12,2020-01-22,a8a8af78-16de-4841-ab07-fde4b5281a03,probe00,DG-sg,0.6324162493653851,0.4803955408586096,0.5256644880174292,0.5021851851851852,0.5070328884194354,0.4944020069137699
0,NYU-12,2020-01-22,a8a8af78-16de-4841-ab07-fde4b5281a03,probe00,LGd-co,0.6635757217787001,0.4713448100036626,0.5504705882352942,0.5017015250544662,0.4634250624159785,0.4949634242366045
0,NYU-12,2020-01-22,a8a8af78-16de-4841-ab07-fde4b5281a03,probe00,LP,0.492814278891962,0.47888323479801864,0.5053769063180829,0.5024705882352941,0.4816949395045132,0.49410719224121374
0,NYU-12,2020-01-22,a8a8af78-16de-4841-ab07-fde4b5281a03,probe00,MGm,0.4603801460661018,0.465532791450274,0.43028976034858385,0.5002091503267974,0.41777534088726714,0.49570975609756096
0,NYU-12,2020-01-22,a8a8af78-16de-4841-ab07-fde4b5281a03,probe00,PoT,0.5118199288903876,0.4607449315311105,0.4158191721132897,0.49954901960784315,0.37626398117918186,0.4944869598617246
0,NYU-12,2020-01-22,a8a8af78-16de-4841-ab07-fde4b5281a03,probe00,TH,0.534313525104648,0.4684220964054973,0.4710370370370371,0.5009063180827886,0.43557082773189937,0.49511129249087765
0,NYU-12,2020-01-22,a8a8af78-16de-4841-ab07-fde4b5281a03,probe00,VISa,0.29114953577679537,0.47866070215570056,0.46861002178649236,0.5017930283224401,0.4653066833109276,0.4950102554253889
0,NYU-12,2020-01-22,a8a8af78-16de-4841-ab07-fde4b5281a03,probe00,VISa,0.2905077242583337,0.46653540101497304,0.46904793028322445,0.4997690631808279,0.46661351065872864,0.49344762819281734
0,NYU-12,2020-01-22,a8a8af78-16de-4841-ab07-fde4b5281a03,probe00,VISa,0.28677065170598076,0.466370381107749,0.46937254901960784,0.5000631808278867,0.4667650950643365,0.49422892260418666
0,NYU-12,2020-01-22,a8a8af78-16de-4841-ab07-fde4b5281a03,probe00,VISa,0.2909531642673881,0.4616840806417889,0.46865141612200434,0.4987494553376906,0.4666946898405992,0.4945463798732475
0,NYU-12,2020-01-22,a8a8af78-16de-4841-ab07-fde4b5281a03,probe00,VISa,0.2828471005249578,0.47564579537263213,0.4681328976034858,0.5015054466230937,0.46594227962358364,0.4954646821586326
0,NYU-12,2020-01-22,a8a8af78-16de-4841-ab07-fde4b5281a03,probe00,VPM,0.45920759748249307,0.46353981092994617,0.47286710239651414,0.49973202614379086,0.4445055406183983,0.4947183502976762
0,NYU-12,2020-01-22,a8a8af78-16de-4841-ab07-fde4b5281a03,probe01,CA,0.3180078780037197,0.4836612224503827,0.4611546840958605,0.5021285403050109,0.45590969848281154,0.4919374495870943
0,NYU-12,2020-01-22,a8a8af78-16de-4841-ab07-fde4b5281a03,probe01,DG-mo,0.2907864447340903,0.4645942519275691,0.45828540305010895,0.49964923747276685,0.401325417706933,0.49361052429421926
0,NYU-12,2020-01-22,a8a8af78-16de-4841-ab07-fde4b5281a03,probe01,DG-sg,0.6619173329038579,0.4849781221973979,0.5361328976034858,0.5027320261437909,0.46920898790090265,0.49289448818897635
0,NYU-12,2020-01-22,a8a8af78-16de-4841-ab07-fde4b5281a03,probe01,ENTm,0.41625516799227114,0.48304281385949605,0.46375599128540307,0.5031437908496732,0.4507246879201076,0.4944614461302093
0,NYU-12,2020-01-22,a8a8af78-16de-4841-ab07-fde4b5281a03,probe01,ENTm,0.41273340054268964,0.4821719886241084,0.4633355119825708,0.5017755991285403,0.45108390628000766,0.49249039754177065
0,NYU-12,2020-01-22,a8a8af78-16de-4841-ab07-fde4b5281a03,probe01,ENTm,0.40964221785462307,0.47600143774685033,0.46386492374727667,0.5022570806100218,0.4533405031688112,0.49340786441328977
0,NYU-12,2020-01-22,a8a8af78-16de-4841-ab07-fde4b5281a03,probe01,ENTm,0.4085103521012021,0.48317417494416554,0.4627407407407408,0.5017712418300654,0.45289476666026507,0.49212790474361434
0,NYU-12,2020-01-22,a8a8af78-16de-4841-ab07-fde4b5281a03,probe01,PRE,0.32714439064926604,0.4801518239170557,0.45982570806100215,0.5007233115468409,0.4359824178989821,0.49153863068945647
0,NYU-12,2020-01-22,a8a8af78-16de-4841-ab07-fde4b5281a03,probe01,SUB,0.35997316855446676,0.4782283148816656,0.47593246187363836,0.5023071895424837,0.45963684463222587,0.49426601690032645
0,NYU-12,2020-01-22,a8a8af78-16de-4841-ab07-fde4b5281a03,probe01,void,0.2539926831790273,0.4818317781650339,0.44995860566448803,0.501677559912854,0.4214101401958901,0.49205273670059535
0,DY_010,2020-01-22,3d5996a0-13bc-47ac-baae-e551f106bddc,probe00,DG-mo,0.23569820307024117,0.39052259331421,0.4681464174454828,0.5048598130841121,0.3516309323392657,0.4939473504890172
0,DY_010,2020-01-22,3d5996a0-13bc-47ac-baae-e551f106bddc,probe00,DG-sg,0.4001882662730131,0.39255808348522975,0.4771433021806854,0.5053738317757009,0.43804721821388487,0.49352631473464803
0,DY_010,2020-01-22,3d5996a0-13bc-47ac-baae-e551f106bddc,probe00,MRN,0.2280734085102339,0.3900496147692079,0.5636573208722742,0.5065327102803738,0.5028915544332211,0.49480102613435945
0,DY_010,2020-01-22,3d5996a0-13bc-47ac-baae-e551f106bddc,probe00,POL,0.3444303211437509,0.39435456886374187,0.45179750778816197,0.5038598130841121,0.3778948813532147,0.4930081569664903
0,DY_010,2020-01-22,3d5996a0-13bc-47ac-baae-e551f106bddc,probe00,ProS,0.31539859539068443,0.3832037631575375,0.4982523364485981,0.5047757009345794,0.4335174362674363,0.49200348725348725
0,DY_010,2020-01-22,3d5996a0-13bc-47ac-baae-e551f106bddc,probe00,SNr,0.3130484058458293,0.400392383723615,0.39540186915887854,0.5016261682242991,0.3399522607022607,0.4933871853455187
0,DY_010,2020-01-22,3d5996a0-13bc-47ac-baae-e551f106bddc,probe00,TH,0.5062823928902769,0.38933972290850627,0.4411059190031153,0.5046479750778816,0.4228237934904602,0.49303707712041045
0,ZM_2240,2020-01-22,259927fd-7563-4b03-bc5d-17b4d0fa7a55,probe00,ACAd,0.4041376166451967,0.42741821445570977,0.5145773381294965,0.500726618705036,0.48144982357824817,0.4944665641863844
0,ZM_2240,2020-01-22,259927fd-7563-4b03-bc5d-17b4d0fa7a55,probe00,ACAd,0.39870061167584425,0.42839157349588347,0.5160305755395684,0.5009460431654675,0.4823735081984226,0.494598692403487
0,ZM_2240,2020-01-22,259927fd-7563-4b03-bc5d-17b4d0fa7a55,probe00,DP,0.46831712169129514,0.4350587136745104,0.469456834532374,0.5006690647482014,0.4553927329804898,0.49559150581154005
0,ZM_2240,2020-01-22,259927fd-7563-4b03-bc5d-17b4d0fa7a55,probe00,ILA,0.43840574830345147,0.4303818715880633,0.4906654676258993,0.5001097122302158,0.47362215260481527,0.4938751167496887
0,ZM_2240,2020-01-22,259927fd-7563-4b03-bc5d-17b4d0fa7a55,probe00,LSr,0.343203779618208,0.43126135656205544,0.4415143884892086,0.5006007194244604,0.39590203403902036,0.49494273427770863
0,ZM_2240,2020-01-22,259927fd-7563-4b03-bc5d-17b4d0fa7a55,probe00,MOs,0.44480055678382835,0.4300485741237771,0.46796043165467627,0.49987769784172664,0.43066041407222916,0.4944701574823578
0,ZM_2240,2020-01-22,259927fd-7563-4b03-bc5d-17b4d0fa7a55,probe00,PL,0.38017754215798677,0.4230275747175737,0.4534622302158273,0.5006564748201439,0.4132056351183063,0.49307718451639687
0,ZM_2240,2020-01-22,259927fd-7563-4b03-bc5d-17b4d0fa7a55,probe00,PL,0.36846688049267196,0.4305916174762232,0.45262410071942444,0.5002661870503597,0.4085956179950187,0.49429263958073894
0,ZM_2240,2020-01-22,259927fd-7563-4b03-bc5d-17b4d0fa7a55,probe00,STR,0.3694112311298998,0.4257481041075464,0.446841726618705,0.5006276978417266,0.40381871367787464,0.4944467167393109
0,ZM_2240,2020-01-22,259927fd-7563-4b03-bc5d-17b4d0fa7a55,probe00,TTd,0.4526437232813279,0.4291922325373225,0.48506834532374105,0.5006187050359713,0.4737304444271482,0.4939032663968452
0,ZM_2240,2020-01-22,259927fd-7563-4b03-bc5d-17b4d0fa7a55,probe01,LD,0.45742704030981907,0.4441086676777685,0.4231384892086331,0.4993273381294964,0.3577597615711913,0.496491944271482
0,ZM_2240,2020-01-22,259927fd-7563-4b03-bc5d-17b4d0fa7a55,probe01,MEA,0.5697943137368804,0.4318816001673149,0.4882464028776978,0.50025,0.45395432492735577,0.495996880188875
0,ZM_2240,2020-01-22,259927fd-7563-4b03-bc5d-17b4d0fa7a55,probe01,PO,0.3261889798530771,0.43415900336058577,0.33049820143884895,0.49861690647482015,0.2794022351079286,0.49398348640514733
0,ZM_2240,2020-01-22,259927fd-7563-4b03-bc5d-17b4d0fa7a55,probe01,STN,0.5882317423214528,0.43832490219144743,0.5670665467625899,0.5002068345323741,0.5886696827002906,0.49795430546907427
0,ZM_2240,2020-01-22,259927fd-7563-4b03-bc5d-17b4d0fa7a55,probe01,VPL,0.5008919968666142,0.43406788573040955,0.4029604316546762,0.5003669064748202,0.33978730801162305,0.4963112287256123
0,ZM_2240,2020-01-22,259927fd-7563-4b03-bc5d-17b4d0fa7a55,probe01,VPM,0.5809446704301273,0.43733086440927194,0.49904856115107915,0.49987410071942445,0.49456361560813616,0.49665953196347035
0,ZM_2240,2020-01-22,259927fd-7563-4b03-bc5d-17b4d0fa7a55,probe01,ZI,0.46371052158307546,0.43124946937277636,0.39866187050359714,0.5006600719424461,0.307014224003736,0.49638579934620175
0,ZM_2240,2020-01-22,259927fd-7563-4b03-bc5d-17b4d0fa7a55,probe01,fiber tracts,0.3992280977892689,0.4307797290181426,0.4183974820143885,0.5007661870503597,0.4090149309879618,0.49621982669157333
0,ZM_2240,2020-01-22,259927fd-7563-4b03-bc5d-17b4d0fa7a55,probe01,int,0.3719131694074421,0.4375192482983462,0.4421708633093525,0.4996564748201439,0.38248999195724365,0.4957524906600249
0,ZM_2240,2020-01-22,259927fd-7563-4b03-bc5d-17b4d0fa7a55,probe01,opt,0.36158118904050673,0.42727999587971566,0.46370503597122303,0.5012805755395684,0.4536235341427978,0.49552733239933583
0,CSHL047,2020-01-22,2d5f6d81-38c4-4bdc-ac3c-302ea4d5f46e,probe00,CA,0.37383188950259627,0.4555314715453867,0.4078912386706949,0.4985407854984894,0.385575702811245,0.49237796641109893
0,CSHL047,2020-01-22,2d5f6d81-38c4-4bdc-ac3c-302ea4d5f46e,probe00,CA,0.3688323677576618,0.46349059841607093,0.411226586102719,0.4993897280966767,0.3917020993063162,0.49309594742606794
0,CSHL047,2020-01-22,2d5f6d81-38c4-4bdc-ac3c-302ea4d5f46e,probe00,CL,0.510358750456661,0.4641618375115464,0.4405558912386707,0.4995377643504532,0.3772646403797006,0.49140051113545086
0,CSHL047,2020-01-22,2d5f6d81-38c4-4bdc-ac3c-302ea4d5f46e,probe00,LD,0.3120065584082995,0.453995149780544,0.3076465256797583,0.497154078549849,0.245992004381161,0.49080611537057317
0,CSHL047,2020-01-22,2d5f6d81-38c4-4bdc-ac3c-302ea4d5f46e,probe00,LP,0.3321788278965178,0.45267706158786375,0.2291057401812689,0.4997945619335347,0.14781370938298646,0.4936118473895582
0,CSHL047,2020-01-22,2d5f6d81-38c4-4bdc-ac3c-302ea4d5f46e,probe00,MD,0.34809572116518284,0.4620987149028819,0.475987915407855,0.4987099697885196,0.4135391931361811,0.49297232566630156
0,CSHL047,2020-01-22,2d5f6d81-38c4-4bdc-ac3c-302ea4d5f46e,probe00,SSp-ll,0.39461052102070104,0.45827586031339934,0.4359728096676737,0.49851963746223565,0.38633975903614454,0.49213335158817084
0,CSHL047,2020-01-22,2d5f6d81-38c4-4bdc-ac3c-302ea4d5f46e,probe00,SSp-ll,0.3944983231558172,0.4604023314763534,0.43867673716012084,0.4980151057401813,0.38767707192405987,0.49269320920043813
0,CSHL047,2020-01-22,2d5f6d81-38c4-4bdc-ac3c-302ea4d5f46e,probe00,SSp-ll,0.3964079648279196,0.45171327107202125,0.4467462235649547,0.4990453172205438,0.3946694961664841,0.49244815626140925
0,CSHL047,2020-01-22,2d5f6d81-38c4-4bdc-ac3c-302ea4d5f46e,probe00,SSp-tr,0.533572607076562,0.45896000904228457,0.5393716012084592,0.49843202416918425,0.561245472800292,0.4925184373859072
0,CSHL047,2020-01-22,2d5f6d81-38c4-4bdc-ac3c-302ea4d5f46e,probe00,SSp-tr,0.5318195687060604,0.4717612667703421,0.5377190332326284,0.49858308157099696,0.5607212303760496,0.4933365279299014
0,CSHL047,2020-01-22,2d5f6d81-38c4-4bdc-ac3c-302ea4d5f46e,probe00,SSp-tr,0.5400885430153077,0.45401639275676564,0.5395075528700907,0.49797583081570995,0.5645447973713035,0.4926083242059146
0,CSHL047,2020-01-22,2d5f6d81-38c4-4bdc-ac3c-302ea4d5f46e,probe01,BMAa,0.41757023062057136,0.4541890069459015,0.5331752265861026,0.4998277945619336,0.520159127418766,0.49355653523183646
0,CSHL047,2020-01-22,2d5f6d81-38c4-4bdc-ac3c-302ea4d5f46e,probe01,GPi,0.39647037656284945,0.4380873338650904,0.40414199395770395,0.5000151057401813,0.31382610441767067,0.4950223439211391
0,CSHL047,2020-01-22,2d5f6d81-38c4-4bdc-ac3c-302ea4d5f46e,probe01,MEA,0.5967125903597844,0.44847741370162353,0.5440392749244713,0.4998972809667674,0.5546258305951077,0.49376527929901426
0,CSHL047,2020-01-22,2d5f6d81-38c4-4bdc-ac3c-302ea4d5f46e,probe01,RT,0.5159600687268888,0.44039868206584504,0.4662175226586103,0.5006012084592145,0.40144169404892294,0.49475558598028474
0,CSHL047,2020-01-22,2d5f6d81-38c4-4bdc-ac3c-302ea4d5f46e,probe01,SI,0.15340552811540445,0.4514907309568977,0.38239577039274925,0.5004350453172206,0.24831075209930634,0.49364636728733113
0,CSHL047,2020-01-22,2d5f6d81-38c4-4bdc-ac3c-302ea4d5f46e,probe01,VPL,0.40455941598369877,0.44571695433901526,0.4825045317220544,0.5000966767371601,0.4472673786053304,0.49428357064622125
0,CSHL047,2020-01-22,2d5f6d81-38c4-4bdc-ac3c-302ea4d5f46e,probe01,em,0.344854848876147,0.4413427641610167,0.46477039274924475,0.49926888217522664,0.43602444322745526,0.4932630522088354
0,CSHL047,2020-01-22,2d5f6d81-38c4-4bdc-ac3c-302ea4d5f46e,probe01,int,0.4927836777950486,0.4461063582973959,0.4541540785498489,0.500356495468278,0.3765092186929536,0.4959103870025557
0,SWC_015,2020-01-21,c9fec76e-7a20-4da4-93ad-04510a89473b,probe00,MEA,0.6454251190317171,0.4273540327139665,0.49823413897280966,0.5006208459214502,0.4264002619760479,0.497104785855119
0,SWC_015,2020-01-21,c9fec76e-7a20-4da4-93ad-04510a89473b,probe00,RT,0.634906839542058,0.4097074822897436,0.4875861027190332,0.5004078549848943,0.54519755458595,0.49787193752738423
0,SWC_015,2020-01-21,c9fec76e-7a20-4da4-93ad-04510a89473b,probe00,VPL,0.6204007073505281,0.41803274101051646,0.5168096676737161,0.5007205438066465,0.48633743792902,0.4970231031838761
0,SWC_015,2020-01-21,c9fec76e-7a20-4da4-93ad-04510a89473b,probe00,VPM,0.5998277271561001,0.42544935108825677,0.5003157099697885,0.4993232628398792,0.5133776243245216,0.4951882576310793
0,SWC_015,2020-01-21,c9fec76e-7a20-4da4-93ad-04510a89473b,probe00,int,0.6617962256530003,0.42444094650054975,0.5098051359516618,0.5001253776435045,0.4485575525777713,0.49749014623192633
0,SWC_015,2020-01-21,c9fec76e-7a20-4da4-93ad-04510a89473b,probe00,opt,0.6609892594059421,0.42088064104388057,0.498382175226586,0.500487915407855,0.39217397217759603,0.49747600226376515
0,SWC_015,2020-01-21,c9fec76e-7a20-4da4-93ad-04510a89473b,probe01,ILA,0.6350618094160912,0.43685360315565475,0.4997507552870091,0.5002356495468279,0.4953678892215569,0.49769458339418726
0,SWC_015,2020-01-21,c9fec76e-7a20-4da4-93ad-04510a89473b,probe01,ILA,0.6368758561622592,0.4157495095223088,0.5009924471299094,0.5008821752265862,0.49475527146925663,0.4969226851175697
0,SWC_015,2020-01-21,c9fec76e-7a20-4da4-93ad-04510a89473b,probe01,ILA,0.6346034316589437,0.4203255720414195,0.5004788519637462,0.5013700906344412,0.4943446080400175,0.49697220041624063
0,SWC_015,2020-01-21,c9fec76e-7a20-4da4-93ad-04510a89473b,probe01,PL,0.49973799463676294,0.4172704331079189,0.48969637462235655,0.5010090634441088,0.42927373758580406,0.49828299346429095
0,SWC_015,2020-01-21,c9fec76e-7a20-4da4-93ad-04510a89473b,probe01,STR,0.6092788287114375,0.42312706048152743,0.4765876132930514,0.5001344410876133,0.3684308593179495,0.4973449092668321
0,SWC_015,2020-01-21,c9fec76e-7a20-4da4-93ad-04510a89473b,probe01,TTd,0.6598360655737706,0.4324305527638738,0.4984894259818731,0.500916918429003,0.6638171827077551,0.4982550021907404
0,DY_010,2020-01-21,4fa70097-8101-4f10-b585-db39429c5ed0,probe00,CA,0.4445425715222272,0.44267058974657275,0.4199365482233502,0.4983781725888325,0.3667140663311395,0.49264829010194866
0,DY_010,2020-01-21,4fa70097-8101-4f10-b585-db39429c5ed0,probe00,CA,0.439805080555568,0.43454937741780214,0.41930456852791875,0.4998807106598985,0.3684906697638405,0.4944542263517873
0,DY_010,2020-01-21,4fa70097-8101-4f10-b585-db39429c5ed0,probe00,CA,0.44532477294427464,0.43260707248015196,0.42144162436548227,0.49892639593908633,0.36816793134598014,0.4931337850045167
0,DY_010,2020-01-21,4fa70097-8101-4f10-b585-db39429c5ed0,probe00,LD,0.30153665204462915,0.4310057202091974,0.3388984771573604,0.4984517766497462,0.3077704994192799,0.4923560459414118
0,DY_010,2020-01-21,4fa70097-8101-4f10-b585-db39429c5ed0,probe00,VPM,0.4344367159770683,0.4401099106705584,0.4548604060913706,0.4998350253807107,0.4274226222738418,0.4947691444057298
0,DY_010,2020-01-21,4fa70097-8101-4f10-b585-db39429c5ed0,probe00,alv,0.3618408619167439,0.441792835254987,0.38567512690355327,0.5013553299492386,0.3584047877145438,0.4952307652600335
0,DY_010,2020-01-21,4fa70097-8101-4f10-b585-db39429c5ed0,probe00,ccb,0.5812820993636694,0.43586440990684355,0.4441624365482233,0.4998121827411168,0.3009010065814944,0.49276758291392436
0,DY_010,2020-01-21,4fa70097-8101-4f10-b585-db39429c5ed0,probe00,root,0.5171314805819232,0.4467439189097318,0.46390609137055844,0.49946954314720815,0.4038571815718157,0.4947477222867466
0,ZM_2245,2020-01-21,cb2ad999-a6cb-42ff-bf71-1774c57e5308,probe00,LSr,0.6027075837202908,0.5026724883006596,0.5112058823529411,0.5012928388746802,0.4729304555645411,0.4939343675417661
0,ZM_2245,2020-01-21,cb2ad999-a6cb-42ff-bf71-1774c57e5308,probe00,LSv,0.5447173386444019,0.5119116031175451,0.49892455242966754,0.503886189258312,0.47473144111981175,0.49553069751540135
0,ZM_2245,2020-01-21,cb2ad999-a6cb-42ff-bf71-1774c57e5308,probe00,MOs,0.4620790563554179,0.5113739430141054,0.5026214833759591,0.5030728900255754,0.4970814052874153,0.4949832475328244
0,ZM_2245,2020-01-21,cb2ad999-a6cb-42ff-bf71-1774c57e5308,probe00,MOs,0.4529434551953563,0.5061185062596701,0.5019782608695652,0.5021048593350383,0.4989056293023531,0.4941654996482508
0,ZM_2245,2020-01-21,cb2ad999-a6cb-42ff-bf71-1774c57e5308,probe00,MOs,0.44953960186339337,0.5155856905372447,0.5009782608695652,0.5042902813299233,0.49730436826498875,0.4957246855625029
0,ZM_2245,2020-01-21,cb2ad999-a6cb-42ff-bf71-1774c57e5308,probe00,MOs,0.4530315871198328,0.5078293369869061,0.5011841432225064,0.5022352941176471,0.4969263167583845,0.49402386963582456
0,ZM_2245,2020-01-21,cb2ad999-a6cb-42ff-bf71-1774c57e5308,probe01,APN,0.35472421177041646,0.5120798609423448,0.46980306905370844,0.5041790281329923,0.4797539760810535,0.49694573528734953
0,ZM_2245,2020-01-21,cb2ad999-a6cb-42ff-bf71-1774c57e5308,probe01,CA,0.4097932282268619,0.5201184084810063,0.48801406649616363,0.5039910485933504,0.478026118200885,0.4940036489871595
0,ZM_2245,2020-01-21,cb2ad999-a6cb-42ff-bf71-1774c57e5308,probe01,DG-mo,0.5302298927815328,0.5028030730642231,0.473727621483376,0.5016150895140665,0.38960146485466507,0.49449105176301966
0,ZM_2245,2020-01-21,cb2ad999-a6cb-42ff-bf71-1774c57e5308,probe01,Eth,0.5157104662580931,0.5138993752885864,0.49857544757033245,0.5031879795396419,0.4855041552430357,0.4941360677725398
0,ZM_2245,2020-01-21,cb2ad999-a6cb-42ff-bf71-1774c57e5308,probe01,FF,0.6146844190531288,0.5189408985941918,0.5239974424552429,0.5036099744245525,0.47646868774532036,0.49424226644838487
0,ZM_2245,2020-01-21,cb2ad999-a6cb-42ff-bf71-1774c57e5308,probe01,PO,0.6021320325613433,0.5183065847012066,0.5090063938618925,0.5041521739130435,0.47515567039455087,0.4948768943503159
0,ZM_2245,2020-01-21,cb2ad999-a6cb-42ff-bf71-1774c57e5308,probe01,POL,0.6818309594289117,0.5041733075931527,0.5479219948849104,0.5022212276214834,0.5241832712019304,0.4958283463842153
0,ZM_2245,2020-01-21,cb2ad999-a6cb-42ff-bf71-1774c57e5308,probe01,PoT,0.3882987134962576,0.5134584238977439,0.4585166240409207,0.5042199488491048,0.43890379494664594,0.4958891989980079
0,ZM_2245,2020-01-21,cb2ad999-a6cb-42ff-bf71-1774c57e5308,probe01,TH,0.6038604756536974,0.5137495074016071,0.5018120204603581,0.5024194373401534,0.4634818142369672,0.4944820443532746
0,ZM_2245,2020-01-21,cb2ad999-a6cb-42ff-bf71-1774c57e5308,probe01,VPLpc,0.6032771734410615,0.5136218837688361,0.511920716112532,0.5041419437340154,0.47669997435846856,0.4960929176775347
0,ZM_2245,2020-01-21,cb2ad999-a6cb-42ff-bf71-1774c57e5308,probe01,ZI,0.5956645548733915,0.5117542697272358,0.48858823529411766,0.5026445012787724,0.44735216342202677,0.4942893909807557
0,CSHL047,2020-01-21,b52182e7-39f6-4914-9717-136db589706e,probe00,APN,0.38309445820540855,0.4746009599696922,0.4906180327868853,0.4988377049180328,0.4812673165643248,0.4913970738474443
0,CSHL047,2020-01-21,b52182e7-39f6-4914-9717-136db589706e,probe00,CA,0.4988967973763474,0.4647626269734941,0.4864590163934426,0.49996721311475406,0.46789809009667804,0.4932345868866209
0,CSHL047,2020-01-21,b52182e7-39f6-4914-9717-136db589706e,probe00,DG-mo,0.34114311151374604,0.4592035915244965,0.5161672131147541,0.4995360655737705,0.5175039682112937,0.4940314499564465
0,CSHL047,2020-01-21,b52182e7-39f6-4914-9717-136db589706e,probe00,DG-sg,0.6577039998889446,0.466683120216292,0.5420180327868853,0.49983442622950824,0.533821903666025,0.4936273806579273
0,CSHL047,2020-01-21,b52182e7-39f6-4914-9717-136db589706e,probe00,MRN,0.5581459289610232,0.473766624649426,0.5271147540983605,0.4999196721311475,0.5363179515856714,0.49312189613825286
0,CSHL047,2020-01-21,b52182e7-39f6-4914-9717-136db589706e,probe00,VISam,0.6516336355293179,0.47563906838386605,0.5403081967213116,0.49993770491803274,0.506708105259762,0.49419300132273714
0,CSHL047,2020-01-21,b52182e7-39f6-4914-9717-136db589706e,probe00,VISam,0.6522105936273558,0.46465043226699937,0.540027868852459,0.4991967213114754,0.5068579133015733,0.49322866145458066
0,CSHL047,2020-01-21,b52182e7-39f6-4914-9717-136db589706e,probe00,VISpm,0.5617384448064446,0.46684192859356055,0.5102065573770491,0.4991344262295082,0.49141896353332115,0.49402563744098765
0,CSHL047,2020-01-21,b52182e7-39f6-4914-9717-136db589706e,probe00,VISpm,0.5609783354837352,0.47240502761171843,0.5102786885245901,0.4995704918032786,0.4918157846627021,0.49342137242039374
0,CSHL047,2020-01-21,b52182e7-39f6-4914-9717-136db589706e,probe00,VISpm,0.5660040501700843,0.46927092984176255,0.5126836065573771,0.4997,0.493464452784738,0.4937664401165729
0,CSHL047,2020-01-21,b52182e7-39f6-4914-9717-136db589706e,probe00,VISpm,0.5697410227283187,0.47332888978866516,0.5120475409836065,0.5000409836065574,0.49217804256417425,0.4946267300433385
0,CSHL047,2020-01-21,b52182e7-39f6-4914-9717-136db589706e,probe00,VISpm,0.5616094721220362,0.4746471301239104,0.5109639344262296,0.4992950819672132,0.4938298239576724,0.4934045370957855
0,CSHL047,2020-01-21,b52182e7-39f6-4914-9717-136db589706e,probe00,or,0.47445895407798944,0.4700465448146549,0.4466524590163934,0.4998934426229508,0.44296639925152437,0.49454197270644906
0,CSHL047,2020-01-21,b52182e7-39f6-4914-9717-136db589706e,probe01,CA,0.5197837081583038,0.4624494395881094,0.5030934426229509,0.5009459016393443,0.48869361429846536,0.49582097344847237
0,CSHL047,2020-01-21,b52182e7-39f6-4914-9717-136db589706e,probe01,CA,0.5156960280689743,0.4604800658889678,0.5011918032786885,0.49894590163934427,0.4878461914850144,0.4931361451354461
0,CSHL047,2020-01-21,b52182e7-39f6-4914-9717-136db589706e,probe01,DG-mo,0.4699284722049683,0.465844530097982,0.5267524590163934,0.49930327868852464,0.5347289464345245,0.49325842303928424
0,CSHL047,2020-01-21,b52182e7-39f6-4914-9717-136db589706e,probe01,DG-po,0.49308522335947946,0.45102868547323344,0.5243311475409836,0.4999360655737705,0.5388794534837454,0.4943518803299315
0,CSHL047,2020-01-21,b52182e7-39f6-4914-9717-136db589706e,probe01,DG-sg,0.2787961015514288,0.4563123313002847,0.5152081967213115,0.49932131147540987,0.5013749045586037,0.4946313004764004
0,NYU-12,2020-01-20,4364a246-f8d7-4ce7-ba23-a098104b96e4,probe01,LD,0.5105981141053627,0.45312004443865356,0.48555603448275864,0.4987586206896552,0.4474188646629119,0.4942269744790795
0,NYU-12,2020-01-20,4364a246-f8d7-4ce7-ba23-a098104b96e4,probe01,LHA,0.33808297806196935,0.45643403415845235,0.5589094827586207,0.49851508620689655,0.5033769122102641,0.49344110485325005
0,NYU-12,2020-01-20,4364a246-f8d7-4ce7-ba23-a098104b96e4,probe01,PO,0.5643485321261805,0.4606111818894013,0.5106508620689655,0.4994331896551724,0.48662094090968233,0.4939504544694139
0,NYU-12,2020-01-20,4364a246-f8d7-4ce7-ba23-a098104b96e4,probe01,TU,0.5963133335109657,0.4585328262281247,0.5216681034482759,0.4995021551724138,0.528110671202067,0.4957194092827004
0,NYU-12,2020-01-20,4364a246-f8d7-4ce7-ba23-a098104b96e4,probe01,VAL,0.3369187315493555,0.45845781378962097,0.5232456896551724,0.5005603448275863,0.47770566367404593,0.4961796501793714
0,NYU-12,2020-01-20,4364a246-f8d7-4ce7-ba23-a098104b96e4,probe01,VM,0.49542078658080785,0.46201526619055666,0.46563577586206895,0.5003017241379311,0.3712245394895816,0.4968388538820424
0,NYU-12,2020-01-20,4364a246-f8d7-4ce7-ba23-a098104b96e4,probe01,ZI,0.4652725425400196,0.45561869787511283,0.5100560344827587,0.5004935344827586,0.5072223368464098,0.4945853361586646
0,SWC_015,2020-01-20,34d20aff-10e5-4a07-8b08-64051a1dc6ac,probe00,CA,0.6298711042018811,0.39197083002263067,0.5205987394957984,0.4959737394957983,0.4597774681457721,0.4975250824200303
0,SWC_015,2020-01-20,34d20aff-10e5-4a07-8b08-64051a1dc6ac,probe00,CA,0.6298935192477949,0.42054477791718897,0.52090756302521,0.4998466386554622,0.460137828566337,0.49645982580415216
0,SWC_015,2020-01-20,34d20aff-10e5-4a07-8b08-64051a1dc6ac,probe00,DG-mo,0.6511872051096607,0.3949020897837103,0.5292941176470588,0.49585504201680675,0.46888408625144784,0.49675420564911343
0,SWC_015,2020-01-20,34d20aff-10e5-4a07-8b08-64051a1dc6ac,probe00,DG-sg,0.6475638222286612,0.4083089017096806,0.5355525210084034,0.4975598739495798,0.4855305377350085,0.4961747594226143
0,SWC_015,2020-01-20,34d20aff-10e5-4a07-8b08-64051a1dc6ac,probe00,LP,0.5517535749882253,0.4131158504034878,0.5100336134453782,0.4993571428571429,0.47876517865098456,0.4971019869910006
0,SWC_015,2020-01-20,34d20aff-10e5-4a07-8b08-64051a1dc6ac,probe00,PO,0.6470170520106353,0.39805116080025144,0.535031512605042,0.4970357142857143,0.48310143900917757,0.4970805733761026
0,SWC_015,2020-01-20,34d20aff-10e5-4a07-8b08-64051a1dc6ac,probe00,RSPagl,0.6319620622141299,0.40191764457531315,0.5308529411764707,0.4974905462184873,0.4816147264546022,0.4964760001782055
0,SWC_015,2020-01-20,34d20aff-10e5-4a07-8b08-64051a1dc6ac,probe00,RSPagl,0.6259489308762146,0.41243567307829254,0.5297710084033614,0.4983970588235294,0.4806033948142208,0.4974373073153346
0,SWC_015,2020-01-20,34d20aff-10e5-4a07-8b08-64051a1dc6ac,probe00,RSPd,0.6484359522987388,0.4006374369546372,0.5286260504201681,0.49596533613445376,0.44537396195313195,0.49626038937895395
0,SWC_015,2020-01-20,34d20aff-10e5-4a07-8b08-64051a1dc6ac,probe00,ccb,0.6143609373768324,0.40764194481163957,0.5214957983193277,0.49702626050420173,0.4840225073509757,0.49690765615254395
0,SWC_015,2020-01-20,34d20aff-10e5-4a07-8b08-64051a1dc6ac,probe01,AON,0.46567270170079894,0.3965019435478893,0.49240021008403356,0.49542436974789916,0.4731076227390181,0.49719436425198255
0,SWC_015,2020-01-20,34d20aff-10e5-4a07-8b08-64051a1dc6ac,probe01,ORBm,0.6250776418718662,0.4022485870449927,0.5199096638655463,0.49599159663865544,0.4549285106477769,0.49765047224449793
0,SWC_015,2020-01-20,34d20aff-10e5-4a07-8b08-64051a1dc6ac,probe01,ORBm,0.6230900421860044,0.39145814316541166,0.5192731092436975,0.49527836134453784,0.4543039828922748,0.4977621647509578
0,SWC_015,2020-01-20,34d20aff-10e5-4a07-8b08-64051a1dc6ac,probe01,PL,0.32269167443938807,0.39552720029396654,0.4532762605042017,0.4958434873949579,0.4620053795776531,0.4981981845317652
0,SWC_015,2020-01-20,34d20aff-10e5-4a07-8b08-64051a1dc6ac,probe01,PL,0.32194534227811106,0.41237040543556625,0.45315021008403367,0.49738340336134457,0.4622715918203689,0.49717844827586205
0,SWC_015,2020-01-20,34d20aff-10e5-4a07-8b08-64051a1dc6ac,probe01,TTd,0.60256443731415,0.3991464700418215,0.5198434873949581,0.49599369747899164,0.4768960327007039,0.4974446872493986
0,SWC_015,2020-01-20,34d20aff-10e5-4a07-8b08-64051a1dc6ac,probe01,TTv,0.47649530310685173,0.40732953001730404,0.5014978991596638,0.4974170168067227,0.4951902543883097,0.49690752918114584
0,CSHL047,2020-01-20,89f0d6ff-69f4-45bc-b89e-72868abb042a,probe00,CA,0.4745401499249245,0.44459309231713334,0.49826518691588784,0.5002570093457943,0.48727051636887697,0.4957113624080837
0,CSHL047,2020-01-20,89f0d6ff-69f4-45bc-b89e-72868abb042a,probe00,DG-mo,0.3628126342167759,0.4413740835655926,0.47326635514018695,0.49935981308411215,0.43970449495859326,0.4948300770267983
0,CSHL047,2020-01-20,89f0d6ff-69f4-45bc-b89e-72868abb042a,probe00,DG-sg,0.4493431886749496,0.4474046092733291,0.477552570093458,0.5001214953271028,0.4679695250105086,0.4970736039916368
0,CSHL047,2020-01-20,89f0d6ff-69f4-45bc-b89e-72868abb042a,probe00,LP,0.37901777610817017,0.4391310829209703,0.47967873831775704,0.49940887850467286,0.4609256754174787,0.4947138599105812
0,CSHL047,2020-01-20,89f0d6ff-69f4-45bc-b89e-72868abb042a,probe00,POL,0.47596430659439876,0.46159230988104494,0.48780724299065426,0.5001460280373832,0.48159960258320916,0.495890178127883
0,CSHL047,2020-01-20,89f0d6ff-69f4-45bc-b89e-72868abb042a,probe00,PoT,0.49121230934853694,0.4547864966872963,0.5046588785046728,0.49946378504672895,0.49906230381640215,0.4956755812493517
0,CSHL047,2020-01-20,89f0d6ff-69f4-45bc-b89e-72868abb042a,probe00,SGN,0.376305376916241,0.44661005141467036,0.4956670560747663,0.4999170560747664,0.47583426955558106,0.4955472696702205
0,CSHL047,2020-01-20,89f0d6ff-69f4-45bc-b89e-72868abb042a,probe00,VISp,0.366726095642462,0.43927730152996375,0.5036857476635515,0.499768691588785,0.4939031378457608,0.4959532134532134
0,CSHL047,2020-01-20,89f0d6ff-69f4-45bc-b89e-72868abb042a,probe00,VISp,0.36157387409768205,0.439506687720993,0.5027266355140187,0.5001985981308411,0.49354068881937735,0.49545822210576307
0,CSHL047,2020-01-20,89f0d6ff-69f4-45bc-b89e-72868abb042a,probe00,VISp,0.34896406600882185,0.4455751446199256,0.502106308411215,0.49926635514018686,0.4929231560788938,0.495089839122626
0,CSHL047,2020-01-20,89f0d6ff-69f4-45bc-b89e-72868abb042a,probe00,VISp,0.36277892398511347,0.43815947601648436,0.5017254672897197,0.5001834112149532,0.4935695015367147,0.4960271176910521
0,CSHL047,2020-01-20,89f0d6ff-69f4-45bc-b89e-72868abb042a,probe00,VISp,0.35342734916557733,0.43788791645089575,0.5026355140186916,0.49916939252336445,0.4954466189548157,0.49469388807913395
0,CSHL047,2020-01-20,89f0d6ff-69f4-45bc-b89e-72868abb042a,probe00,VISp,0.3578819445729571,0.43429067731178184,0.5032161214953271,0.5001588785046729,0.49397263938247543,0.4965215494887626
0,DY_006,2020-01-17,ea624fbc-2003-452f-be27-7159d0f95abb,probe00,MRN,0.4811815706670425,0.4203358017886138,0.5519848484848485,0.5026818181818182,0.5634684727971614,0.4928882318154938
0,DY_006,2020-01-17,ea624fbc-2003-452f-be27-7159d0f95abb,probe00,PAG,0.43100188530747496,0.4219951217801707,0.5161545454545455,0.5018575757575757,0.5085658264340627,0.4963040915138971
0,DY_006,2020-01-17,ea624fbc-2003-452f-be27-7159d0f95abb,probe00,SCdg,0.5584748975194913,0.4187991185555417,0.5334363636363637,0.5011909090909091,0.5721928592548787,0.4934347464518037
0,DY_006,2020-01-17,ea624fbc-2003-452f-be27-7159d0f95abb,probe00,SCdw,0.15220671640467456,0.42558248968648194,0.5259484848484848,0.49969696969696975,0.41825966513897106,0.49206048565937316
0,DY_006,2020-01-17,ea624fbc-2003-452f-be27-7159d0f95abb,probe00,SCig,0.28037383177570085,0.4197749771801407,0.5333333333333332,0.5007121212121212,0.5205130100532231,0.4925705204021289
0,DY_006,2020-01-17,ea624fbc-2003-452f-be27-7159d0f95abb,probe00,SCiw,0.4897440285305145,0.4220761683018159,0.4820515151515151,0.5026393939393939,0.47309576434062683,0.4955663253991721
0,DY_006,2020-01-17,ea624fbc-2003-452f-be27-7159d0f95abb,probe00,SCsg,0.2879318250731824,0.42062612479618516,0.5198909090909091,0.5004181818181819,0.5154810947664104,0.494278367090479
0,CSH_ZAD_001,2020-01-16,3e7ae7c0-fe8b-487c-9354-036236fa1010,probe00,FF,0.5500282259796513,0.4690299779634669,0.4651368421052632,0.5004776315789474,0.4116886261417585,0.4965282177461895
0,CSH_ZAD_001,2020-01-16,3e7ae7c0-fe8b-487c-9354-036236fa1010,probe00,MB,0.5374524696811229,0.4713178362693797,0.4960368421052631,0.5008973684210527,0.4703676115383547,0.4952818165412699
0,CSH_ZAD_001,2020-01-16,3e7ae7c0-fe8b-487c-9354-036236fa1010,probe00,MRN,0.3366078408862231,0.4618014485654186,0.49245789473684215,0.4997657894736842,0.4850652364030095,0.49562933798828396
0,CSH_ZAD_001,2020-01-16,3e7ae7c0-fe8b-487c-9354-036236fa1010,probe00,PRC,0.5764461503103473,0.46358742103426903,0.49634868421052625,0.5001342105263158,0.46794386296121493,0.49558023543130014
0,CSH_ZAD_001,2020-01-16,3e7ae7c0-fe8b-487c-9354-036236fa1010,probe00,SNc,0.5496363232933706,0.4685663771857351,0.502521052631579,0.5003447368421052,0.48342682681362614,0.4958200047197313
0,CSH_ZAD_001,2020-01-16,3e7ae7c0-fe8b-487c-9354-036236fa1010,probe00,SNr,0.28030283778216675,0.4620929678532756,0.49855263157894736,0.5007078947368422,0.4631685742247147,0.4958873268275077
0,CSH_ZAD_001,2020-01-16,3e7ae7c0-fe8b-487c-9354-036236fa1010,probe00,VTA,0.48404255319148953,0.4629103264899714,0.48947368421052645,0.5003355263157895,0.48523348788139575,0.495915332879869
0,CSH_ZAD_001,2020-01-15,ff2e3f6c-a338-4c59-829d-0b225055b2df,probe00,MB,0.31910104222878083,0.5412744913443323,0.45703652517275417,0.5146436327739389,0.48679626291852834,0.49513438266819065
0,CSH_ZAD_001,2020-01-15,ff2e3f6c-a338-4c59-829d-0b225055b2df,probe00,MRN,0.5166573631813852,0.5243405320138897,0.4778302073050345,0.5115508390918065,0.443307962529274,0.49610688508604356
0,CSH_ZAD_001,2020-01-15,ff2e3f6c-a338-4c59-829d-0b225055b2df,probe00,PPN,0.6544534923660842,0.5215904236474721,0.5422043435340572,0.5094679170779861,0.46599710257291527,0.4957135963264621
0,CSH_ZAD_001,2020-01-15,ff2e3f6c-a338-4c59-829d-0b225055b2df,probe00,RSPagl,0.5748299432111085,0.5284002445467455,0.48652517275419543,0.5111786771964463,0.4355259009999121,0.4954326078442343
0,CSH_ZAD_001,2020-01-15,ff2e3f6c-a338-4c59-829d-0b225055b2df,probe00,RSPd,0.5364706705300101,0.526356866579383,0.49297137216189535,0.5105745310957552,0.4841266934961754,0.49586273389230373
0,CSH_ZAD_001,2020-01-15,ff2e3f6c-a338-4c59-829d-0b225055b2df,probe00,RSPd,0.5331147400666292,0.5265781512034085,0.49297433366238896,0.5105370187561697,0.4846943294354613,0.49500647624909083
0,CSH_ZAD_001,2020-01-15,ff2e3f6c-a338-4c59-829d-0b225055b2df,probe00,RSPd,0.5313225075242484,0.5351847339618294,0.49078479763079963,0.5128163869693979,0.4824358909288552,0.4951933742836361
0,CSH_ZAD_001,2020-01-15,ff2e3f6c-a338-4c59-829d-0b225055b2df,probe00,SCig,0.5539271265777547,0.526586499650344,0.5016959526159921,0.510878578479763,0.4852413556761595,0.49632625428619387
0,CSH_ZAD_001,2020-01-15,ff2e3f6c-a338-4c59-829d-0b225055b2df,probe00,SCiw,0.6147108976187188,0.5369138784189748,0.5360177690029616,0.513457058242843,0.49181942634940173,0.4960542118598685
0,CSH_ZAD_001,2020-01-15,ff2e3f6c-a338-4c59-829d-0b225055b2df,probe00,SCop,0.606479493542415,0.5279444780625544,0.4793948667324778,0.5110681145113524,0.43232909776118805,0.49543636850476774
0,CSH_ZAD_001,2020-01-15,ff2e3f6c-a338-4c59-829d-0b225055b2df,probe00,SCsg,0.6860795454545452,0.5240572655661927,0.5636722606120433,0.5102280355380059,0.4645195066780701,0.49604755377225024
0,CSH_ZAD_001,2020-01-15,ff2e3f6c-a338-4c59-829d-0b225055b2df,probe00,VISp,0.4909829493033333,0.5366688032287413,0.4943514313919053,0.5130789733464955,0.49875323312898145,0.49501011901431524
0,CSH_ZAD_001,2020-01-15,ff2e3f6c-a338-4c59-829d-0b225055b2df,probe00,VISp,0.501862988498113,0.5271287216697464,0.49634748272458046,0.5114718657453109,0.4973815731630312,0.4969255960706892
0,CSH_ZAD_001,2020-01-15,ff2e3f6c-a338-4c59-829d-0b225055b2df,probe00,VISp,0.5043222568210095,0.5333124397195138,0.499284304047384,0.5136446199407699,0.5014639320283588,0.4958623302507374
0,CSHL049,2020-01-13,2ffd3ed5-477e-4153-9af7-7fdad3c6946b,probe00,PAG,0.486290884501745,0.3952154930368174,0.478687898089172,0.5009235668789809,0.5424083330245655,0.49429977027677946
0,CSHL049,2020-01-13,2ffd3ed5-477e-4153-9af7-7fdad3c6946b,probe00,RSPv,0.35641212992484067,0.39504575183985174,0.4620276008492569,0.5001380042462845,0.40313084960539475,0.4948074956463745
0,CSHL049,2020-01-13,2ffd3ed5-477e-4153-9af7-7fdad3c6946b,probe00,SUB,0.3029054794563555,0.3953886588705956,0.5154628450106157,0.5011868365180466,0.4597792063433251,0.49530465189521655
0,CSHL049,2020-01-13,2ffd3ed5-477e-4153-9af7-7fdad3c6946b,probe00,V,0.4787991322825468,0.38420716139643357,0.5130997876857749,0.5038747346072187,0.5148010671014117,0.49529983511801107
0,CSHL049,2020-01-13,2ffd3ed5-477e-4153-9af7-7fdad3c6946b,probe00,root,0.05670689595887924,0.3831628556072049,0.5734225053078555,0.5038832271762208,0.5134085738634258,0.4957145874245063
0,CSHL049,2020-01-13,2ffd3ed5-477e-4153-9af7-7fdad3c6946b,probe01,ACB,0.4502722817149592,0.40283598232907336,0.41253078556263273,0.4994203821656051,0.4144452925265849,0.49646460595057246
0,CSHL049,2020-01-13,2ffd3ed5-477e-4153-9af7-7fdad3c6946b,probe01,CP,0.44826067711777284,0.40375174966908756,0.5063651804670913,0.49793630573248415,0.5141503390270111,0.49698223350253806
0,CSHL049,2020-01-13,2ffd3ed5-477e-4153-9af7-7fdad3c6946b,probe01,SI,0.5356364265567133,0.39951205933177164,0.5774777070063695,0.4987070063694268,0.5953874356219201,0.49440136722368366
0,CSHL049,2020-01-11,d839491f-55d8-4cbe-a298-7839208ba12b,probe00,LSc,0.48042578677559994,0.4345382531502182,0.5186439232409382,0.49976332622601277,0.5375326114696124,0.4928060446972183
0,CSHL049,2020-01-11,d839491f-55d8-4cbe-a298-7839208ba12b,probe00,LSr,0.4804146100596805,0.4349011439426282,0.4860362473347548,0.500138592750533,0.4793758430857852,0.49352350614313323
0,CSHL049,2020-01-11,d839491f-55d8-4cbe-a298-7839208ba12b,probe00,LSv,0.43017737830632335,0.4360251608041106,0.5260831556503199,0.4992686567164179,0.5174603612964381,0.49284499070327026
0,CSHL049,2020-01-11,d839491f-55d8-4cbe-a298-7839208ba12b,probe00,MOs,0.4378978385686803,0.4315093604650312,0.5093283582089553,0.49950746268656715,0.5130822942870684,0.49354115170075463
0,CSHL049,2020-01-11,d839491f-55d8-4cbe-a298-7839208ba12b,probe00,MOs,0.4259518391976108,0.4276828897022281,0.5092643923240938,0.5012793176972282,0.5124227459987605,0.4933014419045536
0,CSHL049,2020-01-11,d839491f-55d8-4cbe-a298-7839208ba12b,probe00,MOs,0.4279236460882574,0.41755690879748797,0.5073923240938165,0.5013368869936033,0.5096958966786977,0.4932890918371067
0,CSHL049,2020-01-11,d839491f-55d8-4cbe-a298-7839208ba12b,probe00,MOs,0.42404924572737956,0.4286990874241693,0.5105330490405118,0.5004243070362473,0.5114361077691495,0.49336158810018593
0,CSHL049,2020-01-11,d839491f-55d8-4cbe-a298-7839208ba12b,probe01,BLAp,0.4949654866562142,0.44020690174745003,0.49517057569296374,0.49950533049040513,0.49662662692770426,0.4941400069269751
0,CSHL049,2020-01-11,d839491f-55d8-4cbe-a298-7839208ba12b,probe01,CA,0.47275988187463275,0.4378997502537994,0.49051599147121533,0.500590618336887,0.4847237959823545,0.4940868515075285
0,CSHL049,2020-01-11,d839491f-55d8-4cbe-a298-7839208ba12b,probe01,CA,0.4689491514104884,0.4346775905984932,0.49236460554371003,0.5000895522388059,0.48523834263006305,0.49374624485034085
0,CSHL049,2020-01-11,d839491f-55d8-4cbe-a298-7839208ba12b,probe01,CA,0.4675533080427268,0.4462336500788609,0.49222174840085287,0.4987398720682303,0.4847476120164789,0.4933260417805972
0,CSHL049,2020-01-11,d839491f-55d8-4cbe-a298-7839208ba12b,probe01,PAA,0.6033014690148386,0.4475866343136379,0.4818464818763326,0.4992025586353944,0.5202878340442598,0.4929178424295454
0,CSHL049,2020-01-11,d839491f-55d8-4cbe-a298-7839208ba12b,probe01,TR,0.35622105589637615,0.4310036550251599,0.4991279317697228,0.5003859275053305,0.48850835794232383,0.49398796893798536
0,CSHL049,2020-01-11,d839491f-55d8-4cbe-a298-7839208ba12b,probe01,alv,0.33315838491144034,0.43247757501721745,0.45028144989339025,0.5011513859275053,0.42787711910751397,0.49447471654088737
0,CSHL049,2020-01-10,d2918f52-8280-43c0-924b-029b2317e62c,probe00,ACAd,0.554557374997482,0.49694636992174823,0.53519812583668,0.5022931726907631,0.538227304142489,0.4948572446761026
0,CSHL049,2020-01-10,d2918f52-8280-43c0-924b-029b2317e62c,probe00,ACAv,0.540729362820515,0.4959702915953203,0.49741767068273096,0.5014605087014725,0.47321000777526606,0.4933854408143872
0,CSHL049,2020-01-10,d2918f52-8280-43c0-924b-029b2317e62c,probe00,LSc,0.41278506853471625,0.5006174001222998,0.49119410977242295,0.5031017402945114,0.47735179479057177,0.49554936214021394
0,CSHL049,2020-01-10,d2918f52-8280-43c0-924b-029b2317e62c,probe00,LSr,0.5714181103749654,0.4953079346085317,0.5163400267737618,0.5013775100401606,0.5018587961296453,0.49428429396264995
0,CSHL049,2020-01-10,d2918f52-8280-43c0-924b-029b2317e62c,probe00,MEPO,0.49619263521139045,0.5053805282944631,0.4861298527443106,0.5029785809906292,0.4462915832745389,0.49534447668140125
0,CSHL049,2020-01-10,d2918f52-8280-43c0-924b-029b2317e62c,probe00,SF,0.5308478093627943,0.4882123462138591,0.5030481927710844,0.4998888888888888,0.48027002490964854,0.49361405523318597
0,CSHL049,2020-01-10,d2918f52-8280-43c0-924b-029b2317e62c,probe00,ccb,0.5781692431572649,0.4919114214585833,0.5106760374832663,0.5015836680053547,0.48840218643360067,0.49498217808238903
0,CSHL049,2020-01-09,c99d53e6-c317-4c53-99ba-070b26673ac4,probe00,CA,0.4511664337644178,0.4429021421357771,0.4714474637681159,0.5008967391304349,0.43189424847432656,0.49568413957281143
0,CSHL049,2020-01-09,c99d53e6-c317-4c53-99ba-070b26673ac4,probe00,DG-mo,0.26955000385578715,0.42567670533737817,0.4784221014492754,0.5007445652173914,0.4458617292718855,0.49444996185816503
0,CSHL049,2020-01-09,c99d53e6-c317-4c53-99ba-070b26673ac4,probe00,DG-po,0.3556546690605967,0.42869126106880906,0.4531974637681159,0.5006105072463768,0.400285563973064,0.4941383956755051
0,CSHL049,2020-01-09,c99d53e6-c317-4c53-99ba-070b26673ac4,probe00,DG-sg,0.35861200578843416,0.4387912845688182,0.4552246376811594,0.5003242753623188,0.40090421138468013,0.49466646938131315
0,CSHL049,2020-01-09,c99d53e6-c317-4c53-99ba-070b26673ac4,probe00,Eth,0.29536534755810295,0.4307451281919063,0.43942210144927535,0.5003152173913044,0.3836172861426768,0.4938998645307239
0,CSHL049,2020-01-09,c99d53e6-c317-4c53-99ba-070b26673ac4,probe00,LP,0.3975339865257405,0.42759831717402824,0.4516721014492754,0.499963768115942,0.42861161090067346,0.4933994633838384
0,CSHL049,2020-01-09,c99d53e6-c317-4c53-99ba-070b26673ac4,probe00,PoT,0.6050872213971732,0.43527277378858387,0.5088786231884057,0.5002336956521739,0.549094756155303,0.4949776409932659
0,CSHL049,2020-01-09,c99d53e6-c317-4c53-99ba-070b26673ac4,probe00,SPFp,0.6015216986604559,0.42896255364192576,0.4968605072463768,0.498106884057971,0.44569527304292933,0.4916032591540404
0,CSHL049,2020-01-09,c99d53e6-c317-4c53-99ba-070b26673ac4,probe00,ml,0.29749451785697406,0.43139765056410456,0.4086322463768116,0.4999184782608696,0.34437455281986534,0.4944018505366161
0,CSHL049,2020-01-08,4b7fbad4-f6de-43b4-9b15-c7c7ef44db4b,probe00,APN,0.5754023951736271,0.5151442194738197,0.531719414893617,0.5106981382978723,0.4773271522022888,0.4945477149925629
0,CSHL049,2020-01-08,4b7fbad4-f6de-43b4-9b15-c7c7ef44db4b,probe00,CA,0.7186798863079319,0.504449545182575,0.5884401595744682,0.5077992021276596,0.4669184045168928,0.49556883480557323
0,CSHL049,2020-01-08,4b7fbad4-f6de-43b4-9b15-c7c7ef44db4b,probe00,DG-po,0.6482999694663978,0.5078874724959568,0.5196609042553191,0.5076276595744681,0.4464371679871293,0.4951048743283854
0,CSHL049,2020-01-08,4b7fbad4-f6de-43b4-9b15-c7c7ef44db4b,probe00,LP,0.6611822367425303,0.5144012322698386,0.5809188829787233,0.5101103723404254,0.5503982598731142,0.4958732962996691
0,CSHL049,2020-01-08,4b7fbad4-f6de-43b4-9b15-c7c7ef44db4b,probe00,MRN,0.5503813602256346,0.49558003736623935,0.5186662234042554,0.5044468085106384,0.4710552279695231,0.4957688886865192
0,CSHL049,2020-01-08,4b7fbad4-f6de-43b4-9b15-c7c7ef44db4b,probe00,VISa,0.5176459059904025,0.5109170238208958,0.498031914893617,0.5083523936170212,0.47183872142792094,0.4959390424369366
0,CSHL049,2020-01-08,4b7fbad4-f6de-43b4-9b15-c7c7ef44db4b,probe00,VISa,0.5149767703859152,0.5155787785146205,0.495875,0.509186170212766,0.47086340421333817,0.4953899310931002
0,CSHL049,2020-01-08,4b7fbad4-f6de-43b4-9b15-c7c7ef44db4b,probe00,VISam,0.6553812188099967,0.5005331649786463,0.5617433510638298,0.5072353723404256,0.44561536593510004,0.49505432110008196
0,CSHL049,2020-01-08,4b7fbad4-f6de-43b4-9b15-c7c7ef44db4b,probe00,VISam,0.6680802463044645,0.5138565753450665,0.5677938829787234,0.510841755319149,0.4467448888990074,0.4956408531402726
0,CSHL049,2020-01-08,4b7fbad4-f6de-43b4-9b15-c7c7ef44db4b,probe00,VISam,0.644897609386379,0.5124575641794789,0.5592353723404255,0.5087646276595745,0.44754277084661387,0.49443009516437486
0,CSHL049,2020-01-08,4b7fbad4-f6de-43b4-9b15-c7c7ef44db4b,probe00,VISam,0.6576147010705299,0.5127453436331377,0.5630492021276595,0.5087087765957446,0.4473338228151656,0.49426417600097133
0,CSHL049,2020-01-08,4b7fbad4-f6de-43b4-9b15-c7c7ef44db4b,probe01,BMAa,0.6768908968985338,0.5198387590519037,0.5766755319148935,0.5118989361702128,0.4734698494369062,0.4953279376498801
0,CSHL049,2020-01-08,4b7fbad4-f6de-43b4-9b15-c7c7ef44db4b,probe01,CP,0.6671607314807118,0.5370747138377312,0.5595452127659575,0.5184827127659575,0.4620807417357254,0.4959555747806818
0,CSHL049,2020-01-08,4b7fbad4-f6de-43b4-9b15-c7c7ef44db4b,probe01,PAA,0.6659667960254058,0.5283670562065897,0.5681170212765958,0.5150079787234042,0.47986736939562274,0.49441573703062863
0,CSHL049,2020-01-08,4b7fbad4-f6de-43b4-9b15-c7c7ef44db4b,probe01,STR,0.5220747242817125,0.5226878206494164,0.5087420212765957,0.5137898936170213,0.4829104020581003,0.49644674892997
0,ZM_1897,2019-12-06,e5fae088-ed96-4d9b-82f9-dfd13c259d52,probe00,CA,0.4762763592156667,0.50354423822363,0.44106768558951964,0.501910480349345,0.40159028246408945,0.49238455605899933
0,ZM_1897,2019-12-06,e5fae088-ed96-4d9b-82f9-dfd13c259d52,probe00,CA,0.4812394377824644,0.5158640617253015,0.4441790393013101,0.506528384279476,0.4022674443266172,0.49496297117516636
0,ZM_1897,2019-12-06,e5fae088-ed96-4d9b-82f9-dfd13c259d52,probe00,DG-sg,0.6850782263544309,0.5157198559385774,0.5636965065502184,0.5042685589519651,0.5233170924515569,0.4932506314470259
0,ZM_1897,2019-12-06,e5fae088-ed96-4d9b-82f9-dfd13c259d52,probe00,LP,0.5095925982334317,0.5093513241572302,0.43355021834061136,0.5041550218340611,0.3695460715318616,0.49371631157813556
0,ZM_1897,2019-12-06,e5fae088-ed96-4d9b-82f9-dfd13c259d52,probe00,PO,0.5217527410243838,0.5158042188789871,0.4893908296943231,0.5057314410480349,0.43787210064590765,0.4944000192808252
0,ZM_1897,2019-12-06,e5fae088-ed96-4d9b-82f9-dfd13c259d52,probe00,SSp-tr,0.5828135954592512,0.5124343332042492,0.5407620087336245,0.5050851528384279,0.4753797551335197,0.492573450303673
0,ZM_1897,2019-12-06,e5fae088-ed96-4d9b-82f9-dfd13c259d52,probe00,SSp-tr,0.5831785824500526,0.5172910772030637,0.5414323144104803,0.5059847161572052,0.47536116841800835,0.4945058517304541
0,ZM_1897,2019-12-06,e5fae088-ed96-4d9b-82f9-dfd13c259d52,probe00,VISa,0.5536462673994571,0.5044734938119025,0.5214454148471616,0.5027161572052402,0.48813196760821365,0.4919396220958257
0,ZM_1897,2019-12-06,e5fae088-ed96-4d9b-82f9-dfd13c259d52,probe00,VISa,0.558609191403204,0.5129651985441207,0.5237860262008733,0.5037903930131005,0.48672654005591437,0.4927395353321123
0,ZM_1897,2019-12-06,e5fae088-ed96-4d9b-82f9-dfd13c259d52,probe00,VISa,0.5650450875530889,0.5154817763449815,0.5254497816593887,0.50535807860262,0.48810443458980046,0.49434540634339147
0,ZM_1897,2019-12-06,e5fae088-ed96-4d9b-82f9-dfd13c259d52,probe00,VPM,0.49561403508771923,0.5184038038750912,0.4978165938864628,0.506410480349345,0.5061120215945243,0.4957644654391208
0,ibl_witten_14,2019-12-04,7a887357-850a-4378-bd2a-b5bc8bdd3aac,probe00,III,0.5089924216769081,0.4730914763245368,0.46620817843866164,0.4986449814126394,0.45834316037735845,0.49384348198970845
0,ibl_witten_14,2019-12-04,7a887357-850a-4378-bd2a-b5bc8bdd3aac,probe00,MB,0.41421061802916853,0.4763928207023257,0.4635539033457248,0.4998197026022305,0.4636545383076043,0.4960907590051458
0,ibl_witten_14,2019-12-04,7a887357-850a-4378-bd2a-b5bc8bdd3aac,probe00,P,0.3947689750230184,0.4797599307874018,0.48727695167286245,0.5005873605947956,0.5035287021154946,0.4940497641509434
0,ibl_witten_14,2019-12-04,7a887357-850a-4378-bd2a-b5bc8bdd3aac,probe00,PAG,0.622958771839672,0.47943504259895664,0.5338810408921933,0.500449814126394,0.4792778587764437,0.49322107632933104
0,ibl_witten_14,2019-12-04,7a887357-850a-4378-bd2a-b5bc8bdd3aac,probe00,PRNr,0.37031978497424234,0.4811577681795111,0.47661710037174726,0.5008438661710037,0.48817747284162377,0.49475607489994283
0,ibl_witten_14,2019-12-04,7a887357-850a-4378-bd2a-b5bc8bdd3aac,probe00,SCig,0.33160387502346633,0.4754915253881626,0.47652973977695173,0.49915985130111523,0.534440172955975,0.49488741423670674
0,ibl_witten_14,2019-12-04,7a887357-850a-4378-bd2a-b5bc8bdd3aac,probe00,mtg,0.32562793820187735,0.48004454102899236,0.4526040892193308,0.4994646840148699,0.45610343053173247,0.4940750929102344
0,ibl_witten_14,2019-12-04,7a887357-850a-4378-bd2a-b5bc8bdd3aac,probe00,tspc,0.5583798465689113,0.490555068236321,0.4608996282527881,0.5027360594795539,0.40649701257861637,0.4944571755288737
0,ibl_witten_14,2019-12-04,7a887357-850a-4378-bd2a-b5bc8bdd3aac,probe01,MB,0.5404815764744303,0.5107904978939027,0.49964312267657995,0.5117193308550186,0.44852464979988566,0.4936078473413379
0,ibl_witten_14,2019-12-04,7a887357-850a-4378-bd2a-b5bc8bdd3aac,probe01,MRN,0.5603151792397254,0.5190823083101543,0.5240483271375465,0.512446096654275,0.49467803030303026,0.4925816037735849
0,ibl_witten_14,2019-12-04,7a887357-850a-4378-bd2a-b5bc8bdd3aac,probe01,PPT,0.5380103026317993,0.5043120033798802,0.5049498141263941,0.5096654275092937,0.4548938679245283,0.49503870068610634
0,ibl_witten_14,2019-12-04,7a887357-850a-4378-bd2a-b5bc8bdd3aac,probe01,SCig,0.6420113749953393,0.5055170185925638,0.5307267657992566,0.5090167286245354,0.47622182675814745,0.4933810748999428
0,ibl_witten_14,2019-12-04,7a887357-850a-4378-bd2a-b5bc8bdd3aac,probe01,SUB,0.6858116104255507,0.499031971469113,0.5578531598513011,0.5069944237918216,0.4459129216695254,0.49302152658662096
0,ZM_1897,2019-12-04,ee76b915-f649-4156-827a-ab661b761207,probe00,BMAp,0.2996812458043962,0.4519454080960266,0.4086923076923077,0.49863999999999997,0.33690910468110896,0.4895317944250871
0,ZM_1897,2019-12-04,ee76b915-f649-4156-827a-ab661b761207,probe00,COApl,0.34183499431738934,0.4518177168703682,0.4328892307692308,0.5006707692307693,0.3795108316921678,0.4942789918194213
0,ZM_1897,2019-12-04,ee76b915-f649-4156-827a-ab661b761207,probe00,CTXsp,0.26032763904563566,0.4445703879474216,0.26576923076923076,0.49924,0.16023628995606726,0.4930234244811392
0,ZM_1897,2019-12-04,ee76b915-f649-4156-827a-ab661b761207,probe00,STR,0.2256427834666968,0.45373825104963383,0.4687846153846154,0.5000523076923077,0.36296682320860474,0.4943568966823209
0,ZM_1897,2019-12-04,ee76b915-f649-4156-827a-ab661b761207,probe00,VL,0.48866498740554143,0.4554290836070524,0.3753846153846155,0.49909230769230767,0.2528404787153461,0.4927638425996061
0,ZM_1897,2019-12-04,ee76b915-f649-4156-827a-ab661b761207,probe00,opt,0.35925282463788405,0.44869567718735254,0.48477538461538466,0.4992861538461539,0.4460650090895319,0.4927046848962278
0,ZM_1897,2019-12-04,ee76b915-f649-4156-827a-ab661b761207,probe00,void,0.5782689392657003,0.45316526245922445,0.5059261538461538,0.4998707692307693,0.49238215800636265,0.4938660240872595
0,ibl_witten_13,2019-11-27,49368f16-de69-4647-9a7a-761e94517821,probe00,BST,0.36806539651718156,0.5001019750977602,0.4964503311258278,0.5028278145695364,0.5087192859952793,0.4914238394964595
0,ibl_witten_13,2019-11-27,49368f16-de69-4647-9a7a-761e94517821,probe00,HY,0.584782155257189,0.5075119922379151,0.5367395143487859,0.5037373068432671,0.5388970102281668,0.49350346184107
0,ibl_witten_13,2019-11-27,49368f16-de69-4647-9a7a-761e94517821,probe00,LSr,0.49835723165811197,0.49397794473791284,0.5021368653421634,0.5013774834437086,0.4934394669551534,0.4928755704169945
0,ibl_witten_13,2019-11-27,49368f16-de69-4647-9a7a-761e94517821,probe00,LSv,0.5282761302451497,0.5025728041031446,0.49749889624724064,0.5029072847682119,0.4845260228166798,0.4927621754523997
0,ibl_witten_13,2019-11-27,49368f16-de69-4647-9a7a-761e94517821,probe00,MA,0.3996285611109717,0.5031675431610579,0.49945916114790295,0.5032472406181016,0.5014931451612903,0.49229884933123524
0,ibl_witten_13,2019-11-27,49368f16-de69-4647-9a7a-761e94517821,probe00,OT,0.580990081214941,0.500896380573075,0.5176114790286976,0.5036335540838852,0.5097047895357986,0.4939460169158143
0,ibl_witten_13,2019-11-27,49368f16-de69-4647-9a7a-761e94517821,probe00,SI,0.5026586074333116,0.49828377474300006,0.507037527593819,0.5027880794701988,0.5161552517702596,0.492127871754524
0,ibl_witten_13,2019-11-27,49368f16-de69-4647-9a7a-761e94517821,probe00,aco,0.4652010566506753,0.5103975550355645,0.5432406181015453,0.5034635761589403,0.5889766719118804,0.4916170043273013
0,ibl_witten_13,2019-11-27,49368f16-de69-4647-9a7a-761e94517821,probe01,CA,0.5303725249563416,0.471110945901384,0.4917748344370861,0.5009337748344371,0.4677406274586939,0.495845653029111
0,ibl_witten_13,2019-11-27,49368f16-de69-4647-9a7a-761e94517821,probe01,PAG,0.4969222564909982,0.4802760115207791,0.5180728476821191,0.5019955849889625,0.5236499508261212,0.4946608772619985
0,ibl_witten_13,2019-11-27,49368f16-de69-4647-9a7a-761e94517821,probe01,RSPv,0.6277001886468877,0.4777799306877165,0.5625938189845474,0.5018741721854304,0.5784451317859953,0.49470659913453974
0,ibl_witten_13,2019-11-27,49368f16-de69-4647-9a7a-761e94517821,probe01,RSPv,0.6328055651832063,0.47618256843056284,0.5634017660044149,0.5004172185430463,0.5782973741148703,0.4936604150275373
0,ibl_witten_13,2019-11-27,49368f16-de69-4647-9a7a-761e94517821,probe01,ccs,0.48663883471096314,0.4712911773628611,0.6237505518763797,0.5007461368653422,0.6451753737214793,0.4957954366640441
0,ibl_witten_13,2019-11-27,49368f16-de69-4647-9a7a-761e94517821,probe01,root,0.24291073731169205,0.4758958561426794,0.46741721854304635,0.5010551876379691,0.48433963414634146,0.4947881687647522
0,ibl_witten_13,2019-11-26,5139ce2c-7d52-44bf-8129-692d61dd6403,probe00,ACAv,0.3781107522964561,0.5376472961999569,0.4810929487179487,0.5165074786324786,0.5127812853826993,0.4967660944104771
0,ibl_witten_13,2019-11-26,5139ce2c-7d52-44bf-8129-692d61dd6403,probe00,ACB,0.591237843641565,0.5383724146854213,0.5355352564102563,0.5157457264957265,0.5173571836314916,0.49522088239734297
0,ibl_witten_13,2019-11-26,5139ce2c-7d52-44bf-8129-692d61dd6403,probe00,BST,0.36060726964579237,0.5435412865407736,0.4705929487179487,0.5174989316239317,0.4876958597524155,0.49615818661307365
0,ibl_witten_13,2019-11-26,5139ce2c-7d52-44bf-8129-692d61dd6403,probe00,HY,0.5821752941886974,0.5326469285615093,0.5575331196581196,0.5141271367521367,0.5445309928857187,0.49494676554951694
0,ibl_witten_13,2019-11-26,5139ce2c-7d52-44bf-8129-692d61dd6403,probe00,LSr,0.5032099208928613,0.5358238093173467,0.49359829059829063,0.516107905982906,0.48394901824803743,0.4975158821142814
0,ibl_witten_13,2019-11-26,5139ce2c-7d52-44bf-8129-692d61dd6403,probe00,LSv,0.3753537155334625,0.5324427768684962,0.46396367521367515,0.5155608974358975,0.4836140573105374,0.49603427404136474
0,ibl_witten_13,2019-11-26,5139ce2c-7d52-44bf-8129-692d61dd6403,probe00,SI,0.3540446004804194,0.5262858367661919,0.4520758547008547,0.512479700854701,0.4509008647531703,0.4958132265247584
0,ibl_witten_13,2019-11-26,5139ce2c-7d52-44bf-8129-692d61dd6403,probe00,STR,0.5113918045947471,0.5431905785890863,0.5031399572649572,0.5169423076923078,0.5042728548648853,0.4955446293780193
0,ibl_witten_13,2019-11-26,5139ce2c-7d52-44bf-8129-692d61dd6403,probe00,aco,0.6295154714723677,0.5290163291125054,0.5467425213675214,0.5138653846153847,0.5220819439726752,0.49652161647041065
0,ibl_witten_13,2019-11-26,5139ce2c-7d52-44bf-8129-692d61dd6403,probe00,ccg,0.41342276608466705,0.5308287551884435,0.438491452991453,0.5147190170940171,0.43095621508907006,0.4979482044459541
0,ibl_witten_13,2019-11-26,5139ce2c-7d52-44bf-8129-692d61dd6403,probe01,AQ,0.1153212520593081,0.5083446109755281,0.42628205128205116,0.5067745726495726,0.4313292572463769,0.4953571081483997
0,ibl_witten_13,2019-11-26,5139ce2c-7d52-44bf-8129-692d61dd6403,probe01,INC,0.4773305192709309,0.5140726939402637,0.49095619658119655,0.5089412393162392,0.5080450303819445,0.4960339343674517
0,ibl_witten_13,2019-11-26,5139ce2c-7d52-44bf-8129-692d61dd6403,probe01,MB,0.30625241096344963,0.5202649422484861,0.46434508547008546,0.5098739316239317,0.5315726383227657,0.49526529004378017
0,ibl_witten_13,2019-11-26,5139ce2c-7d52-44bf-8129-692d61dd6403,probe01,ND,0.7031107202126281,0.5161053696742779,0.5746111111111111,0.5086955128205128,0.43534918006491546,0.49499477987243357
0,ibl_witten_13,2019-11-26,5139ce2c-7d52-44bf-8129-692d61dd6403,probe01,NPC,0.44411750284858204,0.5181012103056047,0.48749145299145297,0.5086944444444444,0.4838837159382548,0.4957057126547403
0,ibl_witten_13,2019-11-26,5139ce2c-7d52-44bf-8129-692d61dd6403,probe01,PAG,0.4732563358846764,0.5099650387418536,0.462767094017094,0.5077606837606837,0.4289163623754529,0.4958881364168176
0,ibl_witten_13,2019-11-26,5139ce2c-7d52-44bf-8129-692d61dd6403,probe01,RSPv,0.22612248675978247,0.5140728054441458,0.4387617521367521,0.5093568376068377,0.4801596420214372,0.4966094693538647
0,ibl_witten_13,2019-11-26,5139ce2c-7d52-44bf-8129-692d61dd6403,probe01,RSPv,0.22525809959020204,0.5098673458055442,0.4391773504273504,0.5079978632478632,0.48224124632019927,0.49584437981204704
0,ibl_witten_13,2019-11-26,5139ce2c-7d52-44bf-8129-692d61dd6403,probe01,RSPv,0.22881674395441687,0.5035270979645815,0.43922329059829057,0.5053194444444444,0.48134244791666664,0.495496551366244
0,ibl_witten_13,2019-11-26,5139ce2c-7d52-44bf-8129-692d61dd6403,probe01,RSPv,0.2183482405530587,0.4986109406955493,0.43797222222222215,0.505818376068376,0.48079463173686593,0.49733589504076087
0,ibl_witten_13,2019-11-26,5139ce2c-7d52-44bf-8129-692d61dd6403,probe01,RSPv,0.23122444038913037,0.5169292339026186,0.43942521367521364,0.5105053418803419,0.48305941226977656,0.4973756746301329
0,ibl_witten_13,2019-11-26,5139ce2c-7d52-44bf-8129-692d61dd6403,probe01,cing,0.2356605741596809,0.5205609274352399,0.4524316239316239,0.5097115384615385,0.5549889558801329,0.4955929928102355
0,ibl_witten_13,2019-11-26,5139ce2c-7d52-44bf-8129-692d61dd6403,probe01,fp,0.5792559918261074,0.511721623568369,0.5308653846153847,0.5088931623931624,0.5348105916930859,0.49641824473505436
0,ibl_witten_13,2019-11-26,5139ce2c-7d52-44bf-8129-692d61dd6403,probe01,root,0.46192420819490826,0.5088367529565848,0.46577243589743583,0.50621047008547,0.46956471259812804,0.4952032075596316
0,ibl_witten_13,2019-11-25,1211f4af-d3e4-4c4e-9d0b-75a0bc2bf1f0,probe00,BST,0.46847852915808746,0.5080761028621588,0.48871135029354207,0.5048786692759296,0.4709625212749497,0.49608782299241844
0,ibl_witten_13,2019-11-25,1211f4af-d3e4-4c4e-9d0b-75a0bc2bf1f0,probe00,HY,0.6499309291121186,0.5106203882684575,0.5303630136986301,0.5049119373776908,0.4562245919077828,0.4958232167723967
0,ibl_witten_13,2019-11-25,1211f4af-d3e4-4c4e-9d0b-75a0bc2bf1f0,probe00,IG,0.6776991311170567,0.5123851647317083,0.5426996086105675,0.5048082191780822,0.49546317112795907,0.49482911960389914
0,ibl_witten_13,2019-11-25,1211f4af-d3e4-4c4e-9d0b-75a0bc2bf1f0,probe00,LPO,0.544611122720795,0.5101435375259702,0.5230440313111546,0.504812133072407,0.5225730485068854,0.49435545025529937
0,ibl_witten_13,2019-11-25,1211f4af-d3e4-4c4e-9d0b-75a0bc2bf1f0,probe00,LSr,0.5513449577218619,0.4993726640008101,0.5057602739726027,0.5030088062622309,0.4810395656042086,0.4951110416989014
0,ibl_witten_13,2019-11-25,1211f4af-d3e4-4c4e-9d0b-75a0bc2bf1f0,probe00,LSv,0.5980529475469248,0.5216168903218281,0.51776614481409,0.5074344422700587,0.4962968938573418,0.4949229827479499
0,ibl_witten_13,2019-11-25,1211f4af-d3e4-4c4e-9d0b-75a0bc2bf1f0,probe00,NDB,0.630065961986777,0.5135059910362669,0.5124804305283757,0.5054109589041096,0.4215455922172366,0.49675403643818655
0,ibl_witten_13,2019-11-25,1211f4af-d3e4-4c4e-9d0b-75a0bc2bf1f0,probe00,SI,0.5165702288208224,0.5071095847074346,0.5221066536203522,0.5046810176125245,0.507413525065759,0.49582028082933627
0,ibl_witten_13,2019-11-25,1211f4af-d3e4-4c4e-9d0b-75a0bc2bf1f0,probe00,STR,0.6224373796999263,0.5234036480937044,0.5200381604696673,0.507105675146771,0.4952758838774563,0.495439786090051
0,ibl_witten_13,2019-11-25,1211f4af-d3e4-4c4e-9d0b-75a0bc2bf1f0,probe00,ccg,0.629200764795122,0.5236609800751425,0.5267289628180039,0.5068199608610567,0.47579376063747486,0.4952719073959461
0,ibl_witten_13,2019-11-25,1211f4af-d3e4-4c4e-9d0b-75a0bc2bf1f0,probe01,CA,0.49506029108373717,0.4913931745406927,0.5184099804305283,0.5022876712328768,0.5259508606684203,0.494106937567693
0,ibl_witten_13,2019-11-25,1211f4af-d3e4-4c4e-9d0b-75a0bc2bf1f0,probe01,MB,0.5202259187670528,0.5075746353698946,0.5115694716242661,0.5055831702544031,0.5007600205013152,0.49561413623704165
0,ibl_witten_13,2019-11-25,1211f4af-d3e4-4c4e-9d0b-75a0bc2bf1f0,probe01,NPC,0.6019494793986403,0.4968567687332771,0.51723385518591,0.5038786692759295,0.4923016033575739,0.4952977274485533
0,ibl_witten_13,2019-11-25,1211f4af-d3e4-4c4e-9d0b-75a0bc2bf1f0,probe01,OP,0.5830688569689132,0.4984020678370749,0.5106174168297456,0.5034598825831703,0.4959126760018568,0.4953774098715767
0,ibl_witten_13,2019-11-25,1211f4af-d3e4-4c4e-9d0b-75a0bc2bf1f0,probe01,PAG,0.6339242722313776,0.4920919114841417,0.5265078277886497,0.5030117416829745,0.4774918072102739,0.4955035374439115
0,ibl_witten_13,2019-11-25,1211f4af-d3e4-4c4e-9d0b-75a0bc2bf1f0,probe01,RSPd,0.666381958492667,0.49733647266644265,0.5371565557729941,0.5033894324853229,0.4896561581308989,0.49501437219557476
0,ibl_witten_13,2019-11-25,1211f4af-d3e4-4c4e-9d0b-75a0bc2bf1f0,probe01,RSPd,0.666779100837327,0.4910882305482268,0.5366731898238747,0.5029207436399218,0.48944576628500697,0.49516297965341177
0,ibl_witten_13,2019-11-25,1211f4af-d3e4-4c4e-9d0b-75a0bc2bf1f0,probe01,RSPd,0.6680857030021697,0.48874394046463443,0.5379236790606653,0.5035225048923679,0.4916445420083552,0.49587857999381096
0,ibl_witten_13,2019-11-25,1211f4af-d3e4-4c4e-9d0b-75a0bc2bf1f0,probe01,RSPv,0.5039456693979438,0.49222199589319343,0.4651859099804306,0.5037152641878669,0.44041930798390844,0.4969887997060189
0,ibl_witten_13,2019-11-25,1211f4af-d3e4-4c4e-9d0b-75a0bc2bf1f0,probe01,SUB,0.5742745093686383,0.4942903041199048,0.4858199608610568,0.5037681017612524,0.4327014331579761,0.49597712942905775
0,ibl_witten_13,2019-11-25,1211f4af-d3e4-4c4e-9d0b-75a0bc2bf1f0,probe01,ccs,0.6303143013152215,0.49583838198563324,0.5219647749510764,0.5033972602739726,0.4926783092217237,0.4950699559028315
0,ibl_witten_13,2019-11-25,1211f4af-d3e4-4c4e-9d0b-75a0bc2bf1f0,probe01,cing,0.6422805423772362,0.4981497115751066,0.5343023483365948,0.5038953033268102,0.4864905152406004,0.49518506498530085
0,ibl_witten_13,2019-11-25,1211f4af-d3e4-4c4e-9d0b-75a0bc2bf1f0,probe01,dhc,0.6420814738390936,0.4926852263989344,0.5335371819960861,0.5027710371819961,0.48538788681726747,0.49427795915209655
